30.5912  1164.09  0.0321502  O16  8  1283.36
68.0679  0  -1.81441  O16  8  407.027
73.3238  0  -1.72602  O16  8  369.182
36.1009  867.578  0.0317339  O16  8  1016.5
51.8821  407.92  0.034897  O16  8  640.079
101.26  0  -0.887533  O16  8  218.76
52.1386  364.172  0.0347231  O16  8  605.244
85.9673  0  0.838379  O16  8  293.769
66.4259  0  0.655766  O16  8  436.061
83.1518  0  0.687245  O16  8  315.29
86.9099  0  -0.396209  O16  8  281.113
37.6535  860.425  0.0319684  O16  8  1010.77
31.893  1094.4  0.0317627  O16  8  1220.62
31.4842  1147.98  0.032139  O16  8  1269.76
49.2158  413.628  0.034275  O16  8  641.837
36.305  888.643  0.0316649  O16  8  1033.43
37.7139  812.484  0.0318191  O16  8  964.742
0  0  -0.62397  O16  8  299.573
45.4599  553.579  0.0331151  O16  8  746.839
91.2262  1141.79  0.0333495  O16  8  731.401
0  0  0.0333495  O16  8  731.401
50.5611  408.308  0.0341748  O16  8  634.657
126.741  0  -0.464536  O16  8  0
186.101  0  -1.0261  O16  8  0
0  0  0.0336671  O16  8  672.377
29.7615  1054.23  0.0319009  O16  8  1289.39
0  0  0.0319009  O16  8  1289.39
50.5564  395.158  0.0343425  O16  8  625.958
93.9639  962.364  0.0345295  O16  8  775.933
0  0  0.0345295  O16  8  775.933
0  0  0.0345295  O16  8  775.933
43.9084  1179.72  0.0328353  O16  8  767.201
0  0  0.0328353  O16  8  767.201
0  0  0.0328353  O16  8  767.201
101.896  809.356  0.0350318  O16  8  651.032
0  0  0.0350318  O16  8  651.032
0  0  0.0350318  O16  8  651.032
268.818  0  -0.386443  O16  8  0
0  0  -0.386443  O16  8  0
31.1898  1117.17  0.031794  O16  8  1240.54
0  0  0.031794  O16  8  1240.54
104.422  740.358  0.0322716  O16  8  475.372
0  0  0.0322716  O16  8  475.372
98.6004  876.44  0.034448  O16  8  697.618
45.2633  607.819  0.0329704  O16  8  793.881
41.9498  659.889  0.032029  O16  8  833.309
0  0  0.032029  O16  8  833.309
52.4899  353.469  0.0350486  O16  8  599.484
156.443  85.5801  0.47266  O16  8  463.804
0  0  0.47266  O16  8  463.804
160.325  0  -0.7249  O16  8  64.4876
40.1336  714.062  -1.83419  O16  8  877.408
116.08  0  -2.72474  O16  8  0
31.4276  1056.73  0.0316551  O16  8  1184.3
0  0  0.0316551  O16  8  1184.3
0  0  0.0316551  O16  8  1184.3
45.252  914.882  0.0331145  O16  8  761.501
42.8232  1187.2  0.0323999  O16  8  798.115
0  0  0.0323999  O16  8  798.115
0  0  0.0323999  O16  8  798.115
31.3063  1081.18  0.0315949  O16  8  1204.79
182.77  401.402  0.283682  O16  8  486.589
0  0  0.283682  O16  8  486.589
0  0  0.283682  O16  8  486.589
91.0374  1037.36  0.0363175  O16  8  1035.62
46.7511  489.479  0.0332316  O16  8  695.126
0  0  0.0332316  O16  8  695.126
103.155  1185.71  -0.848458  O16  8  1027.95
0  0  -0.848458  O16  8  1027.95
0  0  -0.848458  O16  8  1027.95
0  0  -0.848458  O16  8  1027.95
56.4437  295.153  0.0359326  O16  8  561.277
31.3599  1062.33  0.0317482  O16  8  1191.63
0  0  0.0321665  O16  8  816.206
0  0  0.0321665  O16  8  816.206
129  731.555  0.0317998  O16  8  265.269
0  0  0.0317998  O16  8  265.269
0  0  0.0317998  O16  8  265.269
42.0271  631.343  0.0322917  O16  8  809.879
0  0  0.0322917  O16  8  809.879
74.6141  1646.83  0.0321836  O16  8  1149.98
0  0  0.0321836  O16  8  1149.98
0  0  0.0321836  O16  8  1149.98
37.0181  799.457  0.031734  O16  8  953.271
45.0536  578.539  0.0346567  O16  8  771.08
0  0  0.0346567  O16  8  771.08
49.1314  412.448  -1.82808  e-  -1  0.0480092
106.829  777.197  0.0319559  O16  8  414.76
0  0  0.0319559  O16  8  414.76
0  0  0.0319559  O16  8  414.76
300.26  0  0.0434449  O16  8  413.454
120.177  0  -0.727574  O16  8  152.586
0  0  -0.727574  O16  8  152.586
0  0  -0.727574  O16  8  152.586
113.644  951.477  -0.670747  O16  8  811.875
0  0  -0.670747  O16  8  811.875
0  0  -0.670747  O16  8  811.875
31.3666  1135.63  0.0324111  O16  8  1259.06
129.482  439.699  -0.761952  O16  8  658.842
0  0  -0.761952  O16  8  658.842
59.2667  349.306  0.037672  O16  8  517.244
55.9754  285.699  0.0359569  O16  8  556.868
102.042  857.999  0.0381177  O16  8  984.412
0  0  0.0381177  O16  8  984.412
0  0  0.0381177  O16  8  984.412
0  0  0.0381177  O16  8  984.412
135.29  2386.33  -0.230631  O16  8  1103.64
0  0  -0.230631  O16  8  1103.64
178.406  198.658  -0.630861  O16  8  728.72
0  37.8828  0.0263089  O16  8  728.72
0  0  0.0263089  O16  8  728.72
55.3414  341.92  0.0356586  O16  8  596.399
73.9681  0  -0.281404  O16  8  370.08
0  0  -0.281404  O16  8  370.08
39.0765  718.787  0.0318134  O16  8  883.023
151.27  665.864  -0.694867  O16  8  840.943
92.3252  1238.79  0.0322485  O16  8  653.418
0  0  0.0322485  O16  8  653.418
0  0  0.0322485  O16  8  653.418
0  0  0.0322485  O16  8  653.418
0  0  0.0322485  O16  8  653.418
0  0  0.0322485  O16  8  653.418
110.472  4052.13  0.0324623  O16  8  1091.14
0  0  0.0324623  O16  8  1091.14
0  0  0.0324623  O16  8  1091.14
0  0  0.0324623  O16  8  1091.14
0  0  0.0324623  O16  8  1091.14
104.649  0  -0.673443  O16  8  199.971
0  0  -0.673443  O16  8  199.971
69.3846  2280.32  0.0323167  O16  8  1234.36
74.8285  0  -0.341372  O16  8  380.955
0  0  -0.341372  O16  8  380.955
75.7368  0  -1.30895  O16  8  349.04
0  0  -1.30895  O16  8  349.04
179.095  567.864  -0.727284  O16  8  445.819
46.149  526.083  0.0329147  O16  8  724.988
0  0  0.0329147  O16  8  724.988
0  0  0.0329147  O16  8  724.988
77.7601  0  -0.672743  O16  8  338.553
40.1118  2327.04  0.0320592  O16  8  825.917
76.9125  0  -0.298645  O16  8  345.068
76.9125  0  -0.298645  O16  8  345.068
0  0  -0.298645  O16  8  345.068
65.0477  1876.76  0.0403716  O16  8  1077.43
0  0  0.0403716  O16  8  1077.43
35.6464  1906.78  0.0319604  O16  8  1023.35
25.6294  1477.73  0.033636  O16  8  1576
0  0  0.033636  O16  8  1576
0  0  0.033636  O16  8  1576
0  0  0.033636  O16  8  1576
0  0  0.033636  O16  8  1576
0  0  0.033636  O16  8  1576
155.808  1107.59  0.0351945  O16  8  833.466
0  0  0.0351945  O16  8  833.466
187.686  0  0.116784  O16  8  0
150.938  0  0.220989  O16  8  86.3766
168.452  0  0.190946  O16  8  0
42.5442  643.375  0.0328139  O16  8  822.064
38.2234  792.453  0.0318706  e-  -1  0.0178953
78.752  0  -1.58128  O16  8  331.14
36.1535  1175.59  0.0313801  O16  8  1023.25
0  0  0.512873  O16  8  1023.25
52.3842  386.341  0.035406  O16  8  629.195
89.8518  716.261  0.0320822  O16  8  632.398
0  1425.96  -0.294676  O16  8  632.398
37.3048  831.041  0.0319088  O16  8  982.728
0  0  0.0319088  O16  8  982.728
0  0  0.0319088  O16  8  982.728
0  0  0.0319088  O16  8  982.728
0  0  0.0319088  O16  8  982.728
0  0  0.0319088  O16  8  982.728
64.0208  2892.66  0.0313559  O16  8  1294.98
48.2426  445.428  0.033797  O16  8  665.277
0  0  0.033797  O16  8  665.277
65.8545  0  -0.386267  O16  8  442.229
0  0  -0.386267  O16  8  442.229
109.663  3585.7  0.0321749  O16  8  1071.85
0  0  0.0321749  O16  8  1071.85
0  0  0.0321749  O16  8  1071.85
0  0  0.0321749  O16  8  1071.85
0  0  0.0321749  O16  8  1071.85
122.017  2136.93  0.031742  O16  8  776.509
0  0  0.031742  O16  8  776.509
49.4949  438.897  0.0338073  O16  8  657.965
100.864  0  0.0239373  O16  8  217.936
0  0  0.0239373  O16  8  217.936
56.0154  279.925  0.0366151  O16  8  556.601
0  0  0.0366151  O16  8  556.601
91.1673  1083.86  0.0323816  O16  8  664.68
0  0  0.0323816  O16  8  664.68
0  0  0.0323816  O16  8  664.68
0  0  0.0323816  O16  8  664.68
0  0  0.0323816  O16  8  664.68
83.7198  1316.03  0.032159  O16  8  851.582
0  0  0.032159  O16  8  851.582
0  0  0.0344157  O16  8  757.259
33.0784  2230.99  0.0317486  O16  8  1196.74
33.0784  2230.99  0.0317486  O16  8  1196.74
0  0  0.0317486  O16  8  1196.74
0  0  0.0317486  O16  8  1196.74
34.621  862.96  0.0315534  O16  8  1092.56
227.512  1480.42  -1.68882  O16  8  1058.89
48.5167  475.157  0.0337713  O16  8  686.318
0  0  0.0337713  O16  8  686.318
64.0363  2808.91  0.0315369  e-  -1  0.00397243
0  0  0.0315369  e-  -1  0.00397243
0  0  0.0315369  e-  -1  0.00397243
0  0  0.0315369  e-  -1  0.00397243
0  0  0.0315369  e-  -1  0.00397243
56.1064  653.925  0.0360652  O16  8  553.986
98.9702  0  -0.332881  O16  8  217.631
114.544  672.422  -1.29428  e-  -1  0.0295309
110.238  0  -1.03443  O16  8  188.148
0  0  -1.03443  O16  8  188.148
110.108  766.035  0.0316096  O16  8  391.6
84.2325  0  -1.02772  e-  -1  0.0102842
0  0  -1.02772  e-  -1  0.0102842
38.5273  669.237  0.0315494  O16  8  929.194
0  0  0.0315494  O16  8  929.194
0  0  0.0315494  O16  8  929.194
0  0  0.0315494  O16  8  929.194
59.4453  1048.33  -0.370041  O16  8  1176.4
52.2971  559.627  0.0348866  O16  8  604.616
5.88242e-05  0  -1.08715  e-  -1  0.00780868
0  0  -1.08715  e-  -1  0.00780868
36.5329  844.444  0.0316386  O16  8  991.475
157.185  538.249  -1.26342  O16  8  735.765
0  0  -1.26342  O16  8  735.765
85.4183  1526.38  0.036042  O16  8  1360.77
85.4183  1526.38  0.036042  O16  8  1360.77
0  0  0.036042  O16  8  1360.77
98.2606  1347.35  0.0362176  O16  8  801.562
48.4962  453.761  0.0336589  O16  8  669.073
0  0  0.0336589  O16  8  669.073
32.4412  1054.53  0.0315323  O16  8  1182.99
0  0  0.0315323  O16  8  1182.99
0  0  0.0315323  O16  8  1182.99
111.091  835.353  -0.762822  O16  8  778.897
0  0  -0.762822  O16  8  778.897
0  0  -0.762822  O16  8  778.897
163.601  0  -1.01911  O16  8  278.782
85.6426  1281.05  0.0327454  O16  8  894.281
0  0  0.0327454  O16  8  894.281
52.6572  363.704  0.0347408  O16  8  605.226
33.272  1010.53  0.0314553  O16  8  1140.8
0  0  0.0314553  O16  8  1140.8
0  0  0.0314553  O16  8  1140.8
0  0  0.0314553  O16  8  1140.8
238.555  2149.99  -1.52091  O16  8  730.597
0  0  -1.52091  O16  8  730.597
0  0  -1.52091  O16  8  730.597
0  0  -1.52091  O16  8  730.597
78.28  0  -0.529713  O16  8  335.374
0  0  -0.529713  O16  8  335.374
35.8836  2059.54  0.0323816  O16  8  1086.35
0  0  0.0323816  O16  8  1086.35
0  0  0.0323816  O16  8  1086.35
101.085  1058.97  0.0352542  O16  8  667.207
0  0  0.0352542  O16  8  667.207
0  0  0.0352542  O16  8  667.207
0  0  0.0352542  O16  8  667.207
158.669  822.898  -1.01262  O16  8  760.216
61.5591  155.691  0.038592  O16  8  494.383
0  0  0.661258  O16  8  494.383
0  0  0.661258  O16  8  494.383
0  0  0.661258  O16  8  494.383
30.6287  1921.01  0.031668  O16  8  1234.89
89.1351  1276.36  0.0357203  O16  8  1109.05
0  0  0.0357203  O16  8  1109.05
0  0  0.0357203  O16  8  1109.05
0  0  0.0357203  O16  8  1109.05
0  0  0.0357203  O16  8  1109.05
37.5959  793.165  0.0317056  O16  8  948.957
55.8384  1489.46  0.0359706  O16  8  554.643
44.6594  577.671  0.0329898  O16  8  770.66
0  0  0.0329898  O16  8  770.66
0  0  0.0329898  O16  8  770.66
0  0  0.0329898  O16  8  770.66
0  0  0.0329898  O16  8  770.66
0  0  0.0329898  O16  8  770.66
27.6338  1259.38  0.0322777  O16  8  1371.08
0  0  0.0322777  O16  8  1371.08
110.437  3463.79  0.0337487  O16  8  1460.37
0  0  0.0337487  O16  8  1460.37
0  0  0.0337487  O16  8  1460.37
0  0  0.0337487  O16  8  1460.37
0  0  0.0337487  O16  8  1460.37
87.9872  1785.42  0.0351557  O16  8  1130.92
34.8972  926.31  0.0316317  O16  8  1066.51
49.3897  357.033  0.0345229  O16  8  677.608
0  0  0.0345229  O16  8  677.608
43.028  633.009  0.0325909  O16  8  814.265
35.5065  866.278  0.031451  O16  8  1009.87
0.00144334  0  0.00301156  e-  -1  0
0  0  0.00301156  e-  -1  0
0  0  0.00301156  e-  -1  0
33.5882  1259.97  0.0318792  O16  8  1114.17
168.413  749.5  -0.368026  O16  8  908.213
36.6784  805.848  0.0314931  O16  8  956.836
0  0  0.0314931  O16  8  956.836
0  0  0.0314931  O16  8  956.836
35.7491  902.385  0.0314032  O16  8  1043.43
48.9683  454.101  0.0335994  O16  8  667.901
0  0  0.0335994  O16  8  667.901
99.5247  893.132  0.0379854  O16  8  891.762
0  0  0.0379854  O16  8  891.762
91.738  1209.67  0.0366844  O16  8  1070.73
0  0  0.0366844  O16  8  1070.73
0  0  0.0366844  O16  8  1070.73
0  0  0.0366844  O16  8  1070.73
79.2228  1506  0.0314705  O16  8  859.088
105.221  768.426  0.0382461  O16  8  848.277
0  0  0.0382461  O16  8  848.277
0  0  0.0382461  O16  8  848.277
0  0  0.0382461  O16  8  848.277
105.023  2066.31  0.0307445  O16  8  1185.55
0  0  0.0307445  O16  8  1185.55
80.7268  0  -0.157798  O16  8  329.94
171.542  1044.13  0.351781  O16  8  904.79
0  0  0.351781  O16  8  904.79
64.1014  0  0.896515  O16  8  452.455
0  50.4805  0.0380141  O16  8  452.455
0  0  0.0380141  O16  8  452.455
146.101  0  0.0380141  O16  8  0
0  1322.85  -1.43338  O16  8  980.807
0  0  -1.43338  O16  8  980.807
0  0  -1.43338  O16  8  980.807
59.0461  255.717  0.0373707  O16  8  548.901
0  0  0.0373707  O16  8  548.901
38.67  763.948  0.0316248  O16  8  920.605
46.5866  506.181  0.0335073  O16  8  712.168
0  0  0.0335073  O16  8  712.168
75.7638  0  -1.33901  O16  8  347.286
175.476  360.585  0.786611  O16  8  603.121
41.1422  664.527  0.0322151  O16  8  838.843
0  0  0.0322151  O16  8  838.843
0  0  0.0322151  O16  8  838.843
104.392  747.054  0.0374404  O16  8  723.538
51.4522  413.151  0.0349897  O16  8  647.748
0  0  0.0349897  O16  8  647.748
0  0  0.0349897  O16  8  647.748
0  0  0.0349897  O16  8  647.748
0  0  0.0349897  O16  8  647.748
43.4239  605.321  0.0324415  O16  8  791.173
0  0  0.0324415  O16  8  791.173
157.64  1137.75  0.0346422  O16  8  709.385
0  0  0.0346422  O16  8  709.385
76.7121  0  -0.381827  O16  8  340.666
40.0263  711.436  0.0317675  O16  8  876.832
41.5818  657.836  0.0322156  O16  8  833.626
149.634  285.782  0.162325  O16  8  557.185
0  0  0.162325  O16  8  557.185
0  0  0.162325  O16  8  557.185
0  0  0.162325  O16  8  557.185
59.4274  905.995  0.0379976  O16  8  527.833
0  0  0.163223  O16  8  527.833
88.9444  0  -0.358806  O16  8  270.97
0  0  -0.358806  O16  8  270.97
110.418  2046.91  -1.23511  O16  8  938.337
0  0  -1.23511  O16  8  938.337
0  0  -1.23511  O16  8  938.337
0  0  -1.23511  O16  8  938.337
71.435  1995.67  0.0381996  O16  8  1312.09
46.2116  517.731  0.0331641  O16  8  718.58
0  0  0.0331641  O16  8  718.58
0  0  0.0331641  O16  8  718.58
0  0  0.0331641  O16  8  718.58
34.7374  887.874  0.0321222  e-  -1  0.00254267
43.9987  587.075  0.0327346  O16  8  774.77
45.7573  520.364  0.0330749  O16  8  721.127
0  0  0.0330749  O16  8  721.127
88.7642  1733.01  0.0314031  O16  8  570.548
88.2975  0  -2.67658  O16  8  0
88.2975  0  -2.67658  O16  8  0
0  0  -2.67658  O16  8  0
34.2647  0  0.378141  O16  8  1055.12
34.3499  942.085  0.0317393  O16  8  1080.17
92.0503  1188.19  -0.186496  O16  8  929.069
0  0  -0.186496  O16  8  929.069
0  0  -0.186496  O16  8  929.069
0  0  -0.186496  O16  8  929.069
178.171  1854.88  -0.268742  O16  8  712.61
62.9754  142.112  0.0392944  O16  8  489.974
0  0  0.0392944  O16  8  489.974
0  0  0.0392944  O16  8  489.974
0  0  0.0392944  O16  8  489.974
265.81  1793.66  -0.608004  O16  8  1308.34
0  0  -0.608004  O16  8  1308.34
0  0  -0.608004  O16  8  1308.34
0  0  -0.608004  O16  8  1308.34
0  0  -0.608004  O16  8  1308.34
0  0  -0.608004  O16  8  1308.34
0  0  -0.608004  O16  8  1308.34
49.1834  1473.59  0.0337653  O16  8  669.384
0  0  0.0337653  O16  8  669.384
0  0  0.0337653  O16  8  669.384
0  0  0.0337653  O16  8  669.384
0  0  0.0337653  O16  8  669.384
80.5106  2212.67  0.0332533  O16  8  1108.07
37.3861  855.593  0.0318323  O16  8  1004.57
52.4764  356.935  0.0348721  O16  8  599.823
0  0  0.0348721  O16  8  599.823
0  0  0.0348721  O16  8  599.823
0  0  0.0348721  O16  8  599.823
51.6606  352.845  0.0348981  O16  8  599.604
0  0  0.0348981  O16  8  599.604
71.7664  0  0.437956  O16  8  406.389
28.6467  1655.91  0.0323011  O16  8  1376.38
0  0  0.0323011  O16  8  1376.38
41.4862  543.571  0.0376945  O16  8  825.524
41.4862  543.571  0.0376945  O16  8  825.524
186.006  705.755  -2.01824  e-  -1  0.0311217
45.0042  949.687  0.0331422  O16  8  764.948
73.9094  0  -1.03162  O16  8  360.904
39.4833  737.97  0.0316923  O16  8  898.168
93.595  0  -0.826109  O16  8  260.736
0  0  -0.826109  O16  8  260.736
0  0  -0.826109  O16  8  260.736
0  0  -0.826109  O16  8  260.736
77.4496  0  -0.975766  O16  8  332.545
79.5005  1709.63  0.0320816  O16  8  944.511
0  0  0.0320816  O16  8  944.511
49.8419  395.182  0.0343603  O16  8  628.076
69.623  0  0.319524  O16  8  394.065
54.2391  332.988  0.036074  O16  8  591.764
0  0  0.036074  O16  8  591.764
79.5005  1709.63  0.0320816  O16  8  944.511
0  0  0.036074  O16  8  591.764
130.862  2432.48  0.0348568  O16  8  816.02
0  0  0.0348568  O16  8  816.02
0  0  0.0348568  O16  8  816.02
0  0  0.0348568  O16  8  816.02
0  0  0.0348568  O16  8  816.02
233.192  377.882  -1.19854  O16  8  225.072
64.725  0  -1.51212  O16  8  442.412
0  0  -1.51212  O16  8  442.412
0  0  -1.51212  O16  8  442.412
46.9103  544.206  0.0331319  O16  8  739.696
0  0  0.0331319  O16  8  739.696
182.519  1063.08  0.0362231  O16  8  281.092
96.2219  0  -0.885896  O16  8  246.138
105.87  0  -1.35805  O16  8  199.663
0  0  -1.35805  O16  8  199.663
0  0  -1.35805  O16  8  199.663
39.1083  707.085  0.0318385  O16  8  874.802
39.1083  707.085  0.0318385  O16  8  874.802
36.9226  1036.34  0.0321081  O16  8  1014.29
64.1391  15.1806  0.0381392  O16  8  449.722
0  0  0.0381392  O16  8  449.722
51.0116  394.721  0.0343179  e-  -1  0.00422747
35.5221  922.659  0.0314102  O16  8  1060.13
0  0  0.0314102  O16  8  1060.13
78.1468  1506.45  -0.661746  O16  8  962.91
74.0087  0  -0.621075  O16  8  367.136
0  0  -0.621075  O16  8  367.136
0  0  -0.621075  O16  8  367.136
410.072  0  -0.232143  O16  8  346.261
76.9919  0  0.346684  O16  8  340.174
0  0  0.346684  O16  8  340.174
0  0  0.346684  O16  8  340.174
0  0  0.346684  O16  8  340.174
0  0  0.346684  O16  8  340.174
36.1131  914.019  0.0315888  O16  8  1053.66
0  0  0.0315888  O16  8  1053.66
36.436  1499.68  0.0320036  O16  8  989.63
147.941  440.255  0.278993  O16  8  657.316
27.1698  1242.65  0.0328755  O16  8  1495.42
0  0  0.0858454  O16  8  1495.42
0  0  0.0858454  O16  8  1495.42
35.2499  901.739  0.0313548  O16  8  1042.45
35.2499  901.739  0.0313548  O16  8  1042.45
0  0  0.0315177  O16  8  264.911
0  0  0.0315177  O16  8  264.911
40.738  678.412  0.0322704  O16  8  852.044
0  0  0.0322704  O16  8  852.044
160.303  1751.52  0.0315177  O16  8  264.911
0  0  0.0322704  O16  8  852.044
98.9057  1113.98  0.0320879  O16  8  535.041
0  3.81974  0.201627  O16  8  535.041
109.295  0  -1.44389  O16  8  184.675
109.295  0  -1.44389  O16  8  184.675
0  0  -1.44389  O16  8  184.675
173.558  1954.73  -1.35446  O16  8  1374.9
0  0  -1.35446  O16  8  1374.9
0  0  -1.35446  O16  8  1374.9
72.0449  0  -0.625505  O16  8  390.697
0  0  -0.625505  O16  8  390.697
0  0  -0.625505  O16  8  390.697
297.212  1577.47  -1.56795  O16  8  955.214
0  0  -1.56795  O16  8  955.214
51.0663  0  -1.92298  O16  8  0
46.5362  0  -1.921  O16  8  0
0  0  -1.921  O16  8  0
179.688  2829.36  -0.520874  O16  8  869.896
0  0  -0.520874  O16  8  869.896
0  0  -0.520874  O16  8  869.896
0  0  -0.520874  O16  8  869.896
0  0  -0.520874  O16  8  869.896
0  0  -0.520874  O16  8  869.896
0  2584.37  -0.99683  O16  8  869.896
0  0  -0.99683  O16  8  869.896
0  0  -0.99683  O16  8  869.896
0  0  -0.99683  O16  8  869.896
0  0  -0.99683  O16  8  869.896
209.883  491.692  -0.572901  O16  8  493.019
0  0  -0.572901  O16  8  493.019
137.776  232.026  0.0367882  O16  8  338.899
0  0  0.0367882  O16  8  338.899
0  0  0.0367882  O16  8  338.899
0  0  0.0367882  O16  8  338.899
156.36  0  -0.358969  O16  8  342.669
84.0582  1348.36  0.0335448  O16  8  1018.76
0  0  0.0335448  O16  8  1018.76
0  0  0.0335448  O16  8  1018.76
0  0  0.0335448  O16  8  1018.76
43.0476  675.475  0.0303459  O16  8  851.21
253.904  86.7526  -0.50003  O16  8  463.003
109.352  0  -0.0553858  O16  8  190.683
35.3824  797.761  0.0396994  O16  8  1074.93
0  0  0.0396994  O16  8  1074.93
0  0  0.0396994  O16  8  1074.93
0  0  0.0396994  O16  8  1074.93
0  0  0.0396994  O16  8  1074.93
0  0  0.0396994  O16  8  1074.93
90.6147  2266.54  0.0333731  O16  8  780.282
90.6147  2266.54  0.0333731  O16  8  780.282
0  0  0.0333731  O16  8  780.282
0  0  0.0333731  O16  8  780.282
0  0  0.0333731  O16  8  780.282
101.342  830.577  0.0314872  O16  8  446.611
0  0  0.0314872  O16  8  446.611
115.036  496.841  0.0358413  O16  8  515.724
36.0004  917.548  0.0321513  O16  8  1061.43
0  0  0.0321513  O16  8  1061.43
0  0  0.0321513  O16  8  1061.43
39.9109  739.749  0.0318496  O16  8  902.975
0  0  0.0318496  O16  8  902.975
0  0  0.0318496  O16  8  902.975
0  0  0.0318496  O16  8  902.975
36.1315  1992.4  0.0318385  e-  -1  0.0036346
0  1055.78  0.0730863  e-  -1  0.0036346
0  0  0.0730863  e-  -1  0.0036346
49.7725  422.467  0.0340549  O16  8  646.09
31.4161  1085.28  0.0318331  O16  8  1211.55
0  0  0.0318331  O16  8  1211.55
0  0  0.0318331  O16  8  1211.55
48.6238  441.992  0.0338919  O16  8  662.81
0  0  0.0338919  O16  8  662.81
0  0  0.0338919  O16  8  662.81
47.3454  1277.27  0.0336821  O16  8  691.34
0  0  0.0336821  O16  8  691.34
0  0  0.0336821  O16  8  691.34
55.433  318.635  0.0359986  O16  8  578.929
57.1169  251.495  0.0365565  O16  8  535.609
112.608  499.169  -0.667984  O16  8  708.273
0  0  -0.667984  O16  8  708.273
135.524  0  -0.374872  O16  8  257.397
38.3394  1146.95  0.0391326  e-  -1  0.0198649
0  0  0.0391326  e-  -1  0.0198649
0  0  0.0391326  e-  -1  0.0198649
0  0  -1.24845  O16  8  347.401
71.0406  0  -1.10707  O16  8  388.612
0  0  -1.10707  O16  8  388.612
177.372  0  -1.91713  e-  -1  0.002854
155.033  0  -1.34446  O16  8  71.8433
155.033  0  -1.34446  O16  8  71.8433
51.0435  304.068  0.0392078  O16  8  635.058
40.2764  698.903  0.0318922  O16  8  863.489
0  0  0.0318922  O16  8  863.489
0  0  0.0318922  O16  8  863.489
184.085  1156.99  -0.857116  O16  8  963.036
59.2988  224.284  0.038053  O16  8  530.745
0  0  0.038053  O16  8  530.745
0  0  0.038053  O16  8  530.745
49.8525  420.161  0.0380606  O16  8  651.411
0  0  0.0380606  O16  8  651.411
0  0  0.0380606  O16  8  651.411
37.65  775.054  0.0318353  O16  8  931.986
0  0  0.0318353  O16  8  931.986
0  0  0.0318353  O16  8  931.986
0  0  0.0318353  O16  8  931.986
0  0  0.0318353  O16  8  931.986
48.3268  1657.45  0.0340429  O16  8  690.081
0  0  0.0340429  O16  8  690.081
0  0  0.0340429  O16  8  690.081
233.919  588.457  0.0877027  O16  8  761.49
75.7656  2086.05  0.031695  O16  8  782.182
0  0  0.031695  O16  8  782.182
0  0  0.031695  O16  8  782.182
0  0  0.031695  O16  8  782.182
0  0  0.031695  O16  8  782.182
0  0  0.031695  O16  8  782.182
58.0838  232.079  0.036761  O16  8  526.934
38.4285  795.78  0.0320714  O16  8  953.972
61.3795  134.174  0.0382752  O16  8  287.081
108.185  939.799  -0.430693  O16  8  1077.89
108.185  939.799  -0.430693  O16  8  1077.89
0  0  -0.430693  O16  8  1077.89
0  0  -0.430693  O16  8  1077.89
0  0  -0.430693  O16  8  1077.89
211.87  0  -2.04111  O16  8  401.316
43.3584  1536.52  0.0326344  O16  8  832.955
0  0  0.0326344  O16  8  832.955
19.8997  0  -1.9597  O16  8  0
0  0  -1.9597  O16  8  0
162.015  0  -0.63124  O16  8  61.2566
0  0  -0.63124  O16  8  61.2566
33.419  1787.49  0.0314615  O16  8  1146.13
0  0  0.0314615  O16  8  1146.13
43.2313  625.824  0.0324324  O16  8  807.485
25.9775  1342.1  0.0325927  O16  8  1448.41
104.687  886.557  -0.399567  O16  8  1034.48
0  0  -0.399567  O16  8  1034.48
0  0  -0.399567  O16  8  1034.48
134.2  0  -1.45692  O16  8  445.687
0  0  -1.45692  O16  8  445.687
87.4373  0  -0.601995  O16  8  289.092
0  397.847  0.0344323  O16  8  628.685
50.6959  417.341  0.0341639  O16  8  642.387
0  0  0.0341639  O16  8  642.387
0  0  0.0341639  O16  8  642.387
70.6389  0  -0.232244  O16  8  389.314
62.7977  445.914  0.0382745  O16  8  467.802
0  0  0.0382745  O16  8  467.802
128.941  680.021  -0.573984  O16  8  850.15
29.0689  1229.6  0.0320852  O16  8  1344.16
49.2276  439.912  0.0339037  O16  8  659.976
0  0  0.0339037  O16  8  659.976
239.61  1652.18  -0.727188  O16  8  1362.77
0  0  -0.727188  O16  8  1362.77
37.5417  524.457  0.0317582  O16  8  949.719
0  0  0.0487562  O16  8  949.719
38.1859  756.566  0.0316645  e-  -1  0.0415797
0  0  0.0296905  e-  -1  0.0415797
224.619  0  -0.385307  O16  8  303.488
96.8161  995.448  0.0371653  O16  8  938.349
0  0  0.0371653  O16  8  938.349
0  0  0.0371653  O16  8  938.349
0  0  0.0371653  O16  8  938.349
101.241  1342.18  0.0371482  O16  8  837.416
77.6943  0  0.969955  O16  8  342.607
0  0  0.969955  O16  8  342.607
183.765  0  -0.460533  O16  8  219.852
0  0  -0.460533  O16  8  219.852
0  0  -0.460533  O16  8  219.852
65.2334  0  -0.000942787  O16  8  443.949
245.728  620.214  -1.58178  e-  -1  0.0251334
0  0  -1.58178  e-  -1  0.0251334
0  0  -1.58178  e-  -1  0.0251334
93.6918  1078.28  0.0374209  e-  -1  0.0276707
49.8566  1083.89  0.391798  O16  8  1206.14
0  0  0.391798  O16  8  1206.14
0  0  0.391798  O16  8  1206.14
0  0  0.391798  O16  8  1206.14
100.245  918.776  0.0318585  O16  8  514.784
39.3775  745.302  0.0317516  O16  8  905.477
0  0  0.0317516  O16  8  905.477
0  0  0.0317516  O16  8  905.477
67.3797  2737.45  0.032173  O16  8  1399.09
0  0  0.032173  O16  8  1399.09
0  0  0.032173  O16  8  1399.09
0  0  0.032173  O16  8  1399.09
0  0  0.032173  O16  8  1399.09
91.0133  1462.79  0.033022  O16  8  742.959
0  0  0.0187063  O16  8  700.491
57.0147  241.738  0.0366948  O16  8  531.656
57.0147  241.738  0.0366948  O16  8  531.656
0  0  0.0366948  O16  8  531.656
0  0  0.0366948  O16  8  531.656
0  0  0.0366948  O16  8  531.656
0  0  0.0366948  O16  8  531.656
98.7493  1613.49  0.0334468  O16  8  617.043
60.1209  153.62  0.0381296  O16  8  488.29
0  0  0.0381296  O16  8  488.29
162.08  0  -1.4607  O16  8  392.157
0  0  -1.4607  O16  8  392.157
90.9764  1482.4  0.0356627  O16  8  1004.81
0  0  0.0356627  O16  8  1004.81
0  0  0.0356627  O16  8  1004.81
0  0  0.0356627  O16  8  1004.81
0  0  0.0356627  O16  8  1004.81
0  0  0.0356627  O16  8  1004.81
140.866  2624.44  0.0381543  O16  8  829.161
0  0  0.0381543  O16  8  829.161
0  0  0.0381543  O16  8  829.161
0  0  0.0381543  O16  8  829.161
107.875  0  0.203145  O16  8  191.491
91.177  0  -0.816929  O16  8  252.658
0  0  -0.816929  O16  8  252.658
91.7239  1181.25  0.0352957  O16  8  997.447
0  0  0.0352957  O16  8  997.447
48.8325  477.75  0.0333939  O16  8  686.049
0  0  0.0333939  O16  8  686.049
58.0634  261.925  0.0365079  O16  8  543.257
52.9078  354.925  0.0350208  O16  8  601.745
0  39.6933  0.207275  O16  8  601.745
0  0  0.207275  O16  8  601.745
0  0  0.207275  O16  8  601.745
0  0  0.207275  O16  8  601.745
304.622  1176.96  -1.32234  O16  8  400.643
0  0  -1.32234  O16  8  400.643
0  0  -1.32234  O16  8  400.643
0  0  -1.32234  O16  8  400.643
70.8382  0  -0.62345  O16  8  394.658
0  0  -0.62345  O16  8  394.658
0  2643.56  -1.80589  O16  8  394.658
0.000227942  0  -1.06254  e-  -1  0.00123642
0  0  -1.06254  e-  -1  0.00123642
67.1251  0  -0.429091  O16  8  412.648
0  0  -0.429091  O16  8  412.648
67.8729  0  -0.677429  O16  8  423.516
92.4601  1720.43  0.0358798  O16  8  947.353
92.4601  1720.43  0.0358798  O16  8  947.353
57.4321  235.034  0.03721  O16  8  530.698
0  0  0.0411869  O16  8  530.698
0  0  0.0411869  O16  8  530.698
0  0  0.0411869  O16  8  530.698
126.324  2609.04  0.034948  O16  8  1058.54
0  0  0.034948  O16  8  1058.54
0  0  0.034948  O16  8  1058.54
0  0  0.034948  O16  8  1058.54
116.894  453.918  0.0366243  O16  8  498.818
31.2648  1083.15  0.0315885  O16  8  1209.14
48.3176  1390.86  0.0336508  O16  8  707.926
66.5291  0  -0.217815  O16  8  432.858
0  0  -0.217815  O16  8  432.858
73.6775  1735.66  0.0319398  O16  8  1186.24
0  0  0.0319398  O16  8  1186.24
0  0  0.0319398  O16  8  1186.24
71.6838  697.502  0.0318655  O16  8  1281.94
0  825.377  -0.174216  O16  8  1281.94
0  0  -0.174216  O16  8  1281.94
0  0  -0.174216  O16  8  1281.94
38.3712  2255.94  0.0316537  O16  8  941.523
0  0  0.0316537  O16  8  941.523
82.3098  2168.78  0.0328122  O16  8  1008.67
0  0  0.0328122  O16  8  1008.67
0  0  0.0328122  O16  8  1008.67
45.5622  755.358  0.0326838  O16  8  747.078
37.6297  834.663  0.031769  O16  8  984.913
0  0  0.031769  O16  8  984.913
0  0  0.031769  O16  8  984.913
0  0  -0.339719  O16  8  677.948
0  0  0.148976  O16  8  306.072
37.8566  860.603  0.0316022  O16  8  917.067
37.8566  860.603  0.0316022  O16  8  917.067
63.7174  59.1808  0.0378887  O16  8  455.918
0  0  0.0378887  O16  8  455.918
0  0  0.0378887  O16  8  455.918
92.6365  1682.63  0.0346552  O16  8  928.281
0  0  0.0346552  O16  8  928.281
0  0  0.0346552  O16  8  928.281
0  0  0.0346552  O16  8  928.281
50.5872  0  -0.30652  O16  8  635.867
43.4957  588.535  0.19425  O16  8  775.111
130.323  0  -0.183754  O16  8  577.687
0  311.794  -0.579674  O16  8  577.687
0  0  -0.579674  O16  8  577.687
45.0846  529.636  0.0331883  O16  8  729.935
0  0  0.0331883  O16  8  729.935
74.3794  1728.72  0.0320235  O16  8  862.409
0  0  0.0320235  O16  8  862.409
41.934  632.947  0.0327622  O16  8  812.617
0  0  0.0327622  O16  8  812.617
0  0  0.0327622  O16  8  812.617
35.3926  867.364  0.0315638  O16  8  1013.38
36.0528  829.966  0.0317701  O16  8  981.974
0  0  0.0317701  O16  8  981.974
156.362  1221.39  -0.989752  O16  8  617.253
0  0  -0.989752  O16  8  617.253
0  0  -0.989752  O16  8  617.253
27.5636  1807.7  0.0327367  O16  8  1452.87
0  0  0.0327367  O16  8  1452.87
0  0  0.0327367  O16  8  1452.87
241.491  159.526  -1.37037  O16  8  491.404
0  0  -1.37037  O16  8  491.404
0  0  -1.37037  O16  8  491.404
106.103  0  -0.632821  O16  8  196.647
171.222  261.44  -1.61482  O16  8  545.079
57.272  230.35  0.0368936  O16  8  525.423
0  0  0.0368936  O16  8  525.423
146.147  637.621  -1.23265  O16  8  921.723
0  0  -1.23265  O16  8  921.723
58.7827  226.542  0.0369208  O16  8  520.515
0  0  0.0369208  O16  8  520.515
0  0  0.0369208  O16  8  520.515
76.8651  1540.19  0.0326703  e-  -1  0.0147042
0  0  0.0326703  e-  -1  0.0147042
0  0  0.0326703  e-  -1  0.0147042
0  0  0.0326703  e-  -1  0.0147042
58.2129  1569.65  0.0320412  O16  8  1582.21
44.6775  546.643  0.032795  O16  8  741.633
0  0  0.032795  O16  8  741.633
0  0  0.032795  O16  8  741.633
0  0  0.032795  O16  8  741.633
0  0  0.032795  O16  8  741.633
105.519  1586.17  0.0337921  O16  8  544.001
84.7659  0  -0.0855071  O16  8  295.444
0  0  -0.0855071  O16  8  295.444
77.3717  0  -0.14155  O16  8  355.219
0  0  -0.14155  O16  8  355.219
145.753  520.564  0.141868  O16  8  719.663
0  0  0.141868  O16  8  719.663
0  0  0.141868  O16  8  719.663
32.6049  1096.05  0.0321074  O16  8  1222.12
0  0  0.0321074  O16  8  1222.12
0  0  0.0321074  O16  8  1222.12
68.0268  0  -0.235495  O16  8  412.461
75.0003  0  -0.486723  O16  8  360.523
0  0  -0.187638  O16  8  818.876
0  901.446  0.0327611  O16  8  818.876
62.4039  136.109  0.0386403  O16  8  480.233
0  0  0.0386403  O16  8  480.233
0  0  0.0386403  O16  8  480.233
218.432  526.343  -0.267623  O16  8  561.876
0  0  -0.267623  O16  8  561.876
0  0  -0.267623  O16  8  561.876
274.133  0  -1.35557  O16  8  14.7864
228.726  0  -1.30371  O16  8  96.5866
99.0754  0  -0.695773  O16  8  223.317
0  0  -0.695773  O16  8  223.317
0  0  -0.695773  O16  8  223.317
0  0  -0.695773  O16  8  223.317
146.002  1380.95  0.0342378  O16  8  690.437
41.5536  641.906  0.0325346  O16  8  817.721
0  0  0.0325346  O16  8  817.721
0  0  0.0325346  O16  8  817.721
0  0  0.0325346  O16  8  817.721
46.8788  490.63  0.0333411  O16  8  695.585
101.402  840.058  0.0336881  O16  8  567.766
50.0333  417.298  0.034017  O16  8  642.621
0  0  0.034017  O16  8  642.621
50.1034  1199.56  0.0341013  e-  -1  0
0  0  0.0341013  e-  -1  0
0  0  0.0341013  e-  -1  0
61.0985  194.519  0.038234  O16  8  512.628
53.1049  348.27  0.0354527  O16  8  596.786
0  0  0.0354527  O16  8  596.786
0  0  0.0354527  O16  8  596.786
0  0  0.0354527  O16  8  596.786
0  0  0.0354527  O16  8  596.786
167.273  873.692  -0.0206566  O16  8  633.164
0  0  0.143331  O16  8  259.508
185.107  0  -0.192346  O16  8  312.237
0  0  -0.192346  O16  8  312.237
0  0  -0.192346  O16  8  312.237
46.7559  527.906  0.0331383  O16  8  703.76
0  0  0.0331383  O16  8  703.76
0  0  0.0331383  O16  8  703.76
0  0  0.0331383  O16  8  703.76
98.0488  983.506  0.0383642  O16  8  1158.33
0  0  0.0383642  O16  8  1158.33
0  0  0.0383642  O16  8  1158.33
27.7165  1347.19  0.03263  O16  8  1452.4
0  926.083  0.0321928  O16  8  1064.02
0  0  0.0321928  O16  8  1064.02
206.643  1774.17  -1.34041  O16  8  1108.18
0  0  -1.34041  O16  8  1108.18
0  0  -1.34041  O16  8  1108.18
0  0  -1.34041  O16  8  1108.18
0  0  -1.34041  O16  8  1108.18
0  0  -1.34041  O16  8  1108.18
94.5537  1162.63  0.0377913  O16  8  1086.56
28.81  1252.75  0.032598  O16  8  1368.63
0  0  0.032598  O16  8  1368.63
0  0  0.032598  O16  8  1368.63
75.7519  1630.98  0.0320579  e-  -1  0.00703762
38.405  769.19  0.0318832  O16  8  930.588
0  0  0.0318832  O16  8  930.588
0  0  0.0318832  O16  8  930.588
28.4568  1270.01  0.0328456  O16  8  1385.69
53.4444  367.08  0.0354463  O16  8  609.513
115.494  1073.25  -0.440117  O16  8  687.717
0  0  -0.440117  O16  8  687.717
0  0  -0.440117  O16  8  687.717
0  0  -0.440117  O16  8  687.717
35.0043  917.44  0.031386  O16  8  1056.59
0  0  0.228427  O16  8  1056.59
44.3217  597.667  0.0330175  O16  8  783.412
0  0  0.0330175  O16  8  783.412
0  0  0.0330175  O16  8  783.412
0  0  0.0330175  O16  8  783.412
0  0  0.0330175  O16  8  783.412
47.7112  492.729  0.0338797  O16  8  701.974
125.268  0  -0.725466  O16  8  141.665
0  0  -0.725466  O16  8  141.665
0  0  -0.725466  O16  8  141.665
201.315  0  -0.756328  O16  8  155.403
0  0  -0.756328  O16  8  155.403
100.966  0  -0.560223  O16  8  218.786
33.7433  935.114  0.0315518  O16  8  1166.83
63.279  133.58  0.0386564  O16  8  481.017
89.6995  1272.8  0.0360271  O16  8  1121.63
0  0  0.0360271  O16  8  1121.63
32.6857  663.373  0.0318317  O16  8  1117.07
0  0  0.0622357  O16  8  1117.07
0  0  0.0622357  O16  8  1117.07
0  0  0.0622357  O16  8  1117.07
81.6225  2043.31  0.0320374  O16  8  784.91
52.6853  388.623  0.0352293  O16  8  625.55
0  0  0.0352293  O16  8  625.55
61.5983  557.436  0.0389287  O16  8  486.513
0  0  0.0389287  O16  8  486.513
0  0  0.0389287  O16  8  486.513
0  0  0.0389287  O16  8  486.513
88.2458  908.73  0.0317903  O16  8  615.392
53.146  792.21  0.0352835  O16  8  595.243
81.6737  1431.95  0.0339963  O16  8  1137.91
0  0  0.0339963  O16  8  1137.91
210.725  0  -1.70344  O16  8  0
0  0  -1.70344  O16  8  0
0  0  -1.70344  O16  8  0
86.2951  2190.48  0.0353746  O16  8  1153.37
0  0  0.0353746  O16  8  1153.37
0  0  0.0353746  O16  8  1153.37
0  0  0.0353746  O16  8  1153.37
0  0  0.0353746  O16  8  1153.37
37.141  837.068  0.0318421  e-  -1  0.0311177
106.299  1034.93  0.306579  O16  8  1163.17
53.2779  539.918  0.0356796  O16  8  622.579
0  0  0.0356796  O16  8  622.579
40.4713  714.106  0.0325699  O16  8  883.401
0  0  0.0325699  O16  8  883.401
0  0  0.0325699  O16  8  883.401
0  0  0.0325699  O16  8  883.401
93.1567  1198.09  0.0334722  O16  8  761.974
0  0  -0.262674  O16  8  761.974
0  0  -0.262674  O16  8  761.974
0  0  -0.262674  O16  8  761.974
136.007  718.539  -0.101493  O16  8  883.377
0  0  -0.101493  O16  8  883.377
66.3638  0  -0.331229  O16  8  427.786
86.4279  0  -0.979814  O16  8  282.739
57.0397  250.289  0.036844  O16  8  536.429
142.644  950.72  -0.308337  O16  8  615.702
0  0  -0.308337  O16  8  615.702
0  0  -0.308337  O16  8  615.702
0  0  -0.308337  O16  8  615.702
0  0  -0.308337  O16  8  615.702
0  0  -0.308337  O16  8  615.702
122.593  2060.65  0.0314642  O16  8  843.085
0  0  0.0314642  O16  8  843.085
0  0  0.0314642  O16  8  843.085
0  0  0.0314642  O16  8  843.085
427.753  1375.45  -0.840244  O16  8  1482.14
48.6593  448.865  0.0335806  O16  8  667.756
0  0  0.0335806  O16  8  667.756
0  0  0.0335806  O16  8  667.756
0  890.16  0.0325927  O16  8  808.676
121.671  0  -2.30387  O16  8  0
0  0  -2.30387  O16  8  0
37.7083  1385.95  0.0315568  O16  8  937.744
0  0  0.0315568  O16  8  937.744
0  0  0.0315568  O16  8  937.744
39.621  722.388  0.0320844  O16  8  887.461
39.621  722.388  0.0320844  O16  8  887.461
90.9699  2134.65  0.0349601  O16  8  943.276
33.5193  984.127  0.0314061  O16  8  1117.01
0  0  0.0314061  O16  8  1117.01
0  0  0.0314061  O16  8  1117.01
0  0  0.0314061  O16  8  1117.01
32.8905  965.676  0.0316421  O16  8  1099.77
133.548  0  -1.48645  O16  8  409.991
40.9703  1782.03  0.0380546  O16  8  885.032
40.9703  0  0.0380546  O16  8  885.032
0  0  0.0380546  O16  8  885.032
30.9008  1099.38  0.031923  O16  8  1225.74
0  0  0.031923  O16  8  1225.74
0  0  0.031923  O16  8  1225.74
78.9176  0  -0.24818  O16  8  339.831
39.1731  1106.61  0.03173  O16  8  888.495
0  0  0.03173  O16  8  888.495
51.0558  402.934  0.0347519  O16  8  637.529
40.1976  725.004  0.0317568  O16  8  887.493
0  0  0.0317568  O16  8  887.493
0  0  0.0317568  O16  8  887.493
128.269  0  -2.27031  O16  8  497.598
233.313  2032.13  -0.934721  O16  8  1107.26
233.313  2032.13  -0.934721  O16  8  1107.26
0  0  -0.934721  O16  8  1107.26
0  0  -0.934721  O16  8  1107.26
0  0  -0.934721  O16  8  1107.26
0  0  -0.934721  O16  8  1107.26
0  0  -0.934721  O16  8  1107.26
105.508  1585.7  0.0348119  O16  8  595.89
0  0  0.0348119  O16  8  595.89
0  0  0.0348119  O16  8  595.89
0  0  0.0348119  O16  8  595.89
45.2854  567.993  0.0325567  O16  8  758.704
34.9358  952.153  0.031818  O16  8  1090.16
33.5837  991.078  0.0316436  O16  8  1125
0  0  0.0316436  O16  8  1125
0  0  0.0316436  O16  8  1125
250.242  2218.38  0.0314951  O16  8  0
0  0  -2.38363  O16  8  0
0  0  -2.38363  O16  8  0
57.3777  221.528  0.0369782  O16  8  517.42
31.5343  1696.51  0.031701  O16  8  1226.07
0  0  0.031701  O16  8  1226.07
42.853  611.904  0.0322921  O16  8  792.843
45.9444  439.901  0.0383424  O16  8  740.031
0  0  0.0383424  O16  8  740.031
0  0  0.0383424  O16  8  740.031
46.9909  495.06  0.0334018  O16  8  700.574
115.767  439.557  0.0378568  O16  8  546.93
0  0  0.0378568  O16  8  546.93
0  0  0.0378568  O16  8  546.93
0  0  0.0378568  O16  8  546.93
153.374  1779.09  -0.756404  O16  8  997.652
61.5591  160.703  0.0386936  O16  8  496.547
0  0  0.0386936  O16  8  496.547
35.352  863.79  0.0315271  O16  8  1010.41
37.8234  326.744  0.0316407  O16  8  911.69
126.328  0  -0.928313  O16  8  136.573
0  11.6474  -0.916182  O16  8  136.573
99.0777  851.744  0.0338262  O16  8  638.318
0  0  0.0338262  O16  8  638.318
0  0  0.0338262  O16  8  638.318
0  0  0.0338262  O16  8  638.318
72.5897  2720.23  0.032857  O16  8  1402.33
206.682  0  -1.4149  O16  8  0
0  0  -1.4149  O16  8  0
51.5315  376.483  0.0345032  O16  8  615.629
0  0  0.0345032  O16  8  615.629
45.0634  590.481  0.03266  O16  8  777.004
42.97  619.383  0.0324048  O16  8  800.945
0  0  0.0324048  O16  8  800.945
43.5277  594.655  0.0325965  O16  8  781.001
101.93  1144.07  -1.27945  O16  8  1268.72
0  0  -1.27945  O16  8  1268.72
0  0  -1.27945  O16  8  1268.72
95.278  1123.2  0.0369899  O16  8  1044.86
0  0  0.0369899  O16  8  1044.86
0  0  0.0369899  O16  8  1044.86
37.5302  922.32  0.0322628  O16  8  981.066
0  0  0.433007  O16  8  981.066
119.595  450.878  -1.18519  O16  8  665.555
60.5747  174.393  0.0377649  O16  8  495.322
0  0  0.0377649  O16  8  495.322
0  0  0.0377649  O16  8  495.322
96.7915  1522.18  0.0345861  O16  8  748.07
0  0  0.0345861  O16  8  748.07
0  0  0.0345861  O16  8  748.07
34.5388  941.078  0.0317175  O16  8  1080.72
88.789  1296.25  0.0360529  O16  8  1095.28
88.789  1296.25  0.0360529  O16  8  1095.28
0  0  0.0360529  O16  8  1095.28
0  0  0.0360529  O16  8  1095.28
234.23  759.072  -0.551055  O16  8  917.743
0  0  -0.551055  O16  8  917.743
0  0  -0.551055  O16  8  917.743
0  0  -0.551055  O16  8  917.743
0  0  -0.551055  O16  8  917.743
76.0942  1792.08  0.0324377  O16  8  1170.54
103.101  0  -1.30486  O16  8  207.699
0  0  -1.30486  O16  8  207.699
0  0  -1.30486  O16  8  207.699
44.0368  483.067  0.0332113  O16  8  757.582
0  0  0.0332113  O16  8  757.582
34.0543  1030.97  0.0314654  O16  8  1083.31
0  0  0.0314654  O16  8  1083.31
184.172  947.274  0.0316585  O16  8  937.98
0  0  0.0316585  O16  8  937.98
0  0  0.0316585  O16  8  937.98
53.2793  309.061  0.0354815  O16  8  571.068
152.754  0  -1.59563  O16  8  78.7503
0  0  -1.59563  O16  8  78.7503
113.265  1945.53  0.0379841  O16  8  668.303
0  0  0.0379841  O16  8  668.303
30.5478  1123.35  0.0321391  O16  8  1248.8
0  0  0.0321391  O16  8  1248.8
0  0  0.0321391  O16  8  1248.8
88.6786  1559.33  0.0380083  O16  8  1626.16
0  0  0.0380083  O16  8  1626.16
34.661  918.177  0.031415  O16  8  1058.04
59.7776  205.396  0.0375819  O16  8  513.953
63.529  81.9937  0.0381988  O16  8  461.773
22.9919  2130.92  0.035116  O16  8  1766.15
54.4934  300.127  0.0359229  O16  8  564.493
0  0  0.0359229  O16  8  564.493
93.4939  0  0.0321296  e-  -1  0.00513727
51.2446  401.258  0.0345275  O16  8  634.232
0  0  0.0345275  O16  8  634.232
48.3492  629.718  0.0342182  O16  8  673.02
0  0  0.0342182  O16  8  673.02
40.9528  749.716  0.0319346  O16  8  911.265
68.5205  2177.57  0.031573  O16  8  1139.66
66.6575  0  0.0436418  O16  8  425.078
0  0  0.0436418  O16  8  425.078
0  0  0.0436418  O16  8  425.078
193.356  0  -1.70561  O16  8  0
38.3839  759.004  0.0324522  O16  8  922.43
46.3585  513.441  0.0330914  O16  8  714.082
0  0  0.0330914  O16  8  714.082
0  0  0.0330914  O16  8  714.082
0  0  0.0330914  O16  8  714.082
66.1518  0  0.548995  O16  8  453.391
0  0  0.548995  O16  8  453.391
85.226  1299.85  0.0337867  O16  8  934.807
0  0  0.0337867  O16  8  934.807
39.2157  0  0.775595  O16  8  933.136
0  0  0.0315538  O16  8  933.136
0  0  0.0315538  O16  8  933.136
78.1622  2055.75  0.0333812  O16  8  1294.43
78.1622  2055.75  0.0333812  O16  8  1294.43
0  0  0.0333812  O16  8  1294.43
0  0  0.0333812  O16  8  1294.43
337.436  2376.82  -0.932871  O16  8  738.31
0  0  -0.932871  O16  8  738.31
0  0  -0.932871  O16  8  738.31
0  0  -0.932871  O16  8  738.31
0  0  -0.932871  O16  8  738.31
40.584  715.661  0.0317327  O16  8  882.243
0  0  0.0317327  O16  8  882.243
56.6026  240.255  0.0365957  O16  8  530.344
0  0  0.0365957  O16  8  530.344
43.2511  596.812  0.0326459  O16  8  783.078
103.633  0  -0.571997  O16  8  217.037
33.2914  949.301  0.0319716  e-  -1  0.0493787
33.2914  949.301  0.0319716  e-  -1  0.0493787
23.9585  1641.59  0.0348071  O16  8  1736.38
103.041  0  -2.06535  O16  8  208.094
275.099  1437.04  -1.09799  O16  8  1116.52
0  0  -1.09799  O16  8  1116.52
0  0  -1.09799  O16  8  1116.52
0  0  -1.09799  O16  8  1116.52
0  0  -1.09799  O16  8  1116.52
46.0662  513.473  0.0332513  O16  8  717.316
0  0  0.0332513  O16  8  717.316
91.7669  1066.5  0.0341144  O16  8  826.078
91.7669  1066.5  0.0341144  O16  8  826.078
0  0  0.0341144  O16  8  826.078
54.0355  351.549  0.0355555  O16  8  601.551
57.8026  292.656  0.0367427  O16  8  564.416
0  0  0.0367427  O16  8  564.416
43.9866  599.388  0.0330384  O16  8  785.134
0  0  0.0330384  O16  8  785.134
77.8808  1555.08  0.0322878  O16  8  1077.11
0  0  0.0322878  O16  8  1077.11
109.909  0  -0.634601  O16  8  184.055
0  0  -0.634601  O16  8  184.055
39.6329  781.585  0.0321603  O16  8  941.988
35.4179  995.035  0.032223  O16  8  1130.16
0  0  0.032223  O16  8  1130.16
0  0  0.032223  O16  8  1130.16
0  0  0.032223  O16  8  1130.16
0  291.723  0.0325199  O16  8  1310.64
0  0  0.0325199  O16  8  1310.64
228.938  1568.9  -0.928071  O16  8  1061.65
0  0  -0.928071  O16  8  1061.65
0  0  -0.928071  O16  8  1061.65
51.5847  373.793  0.0347079  O16  8  611.572
0  0  0.0347079  O16  8  611.572
128.354  1929.18  0.0318202  O16  8  243.16
244.175  0  -2.61106  O16  8  429.177
0  0  -2.61106  O16  8  429.177
118.599  671.697  -0.54103  O16  8  847.764
118.599  671.697  -0.54103  O16  8  847.764
0  0  -0.54103  O16  8  847.764
0  0  -0.54103  O16  8  847.764
0  0  -0.54103  O16  8  847.764
277.043  1051.27  -0.653368  O16  8  622.075
0  0  -0.653368  O16  8  622.075
33.6545  766.506  0.0314076  O16  8  1099.67
0  0  0.0674645  O16  8  1099.67
0  0  0.0674645  O16  8  1099.67
0  0  0.0674645  O16  8  1099.67
95.4938  338.109  0.698737  O16  8  654.903
25.9971  1512.82  0.0331436  O16  8  1545.87
38.3496  767.759  0.0315908  O16  8  923.164
0  0  0.0315908  O16  8  923.164
0  0  0.0315908  O16  8  923.164
296.367  841.125  -1.1344  O16  8  298.511
0  0  -1.1344  O16  8  298.511
28.0275  1278.29  0.0323024  O16  8  1388.58
0  0  0.0323024  O16  8  1388.58
30.3463  1163.2  0.0322743  O16  8  1283.16
0  0  0.0322743  O16  8  1283.16
122.066  375.22  0.0836908  O16  8  613.676
0  0  0.0836908  O16  8  613.676
0  0  0.0836908  O16  8  613.676
394.976  1040.38  -1.75946  O16  8  761.399
0  0  -1.75946  O16  8  761.399
0  0  -1.75946  O16  8  761.399
121.577  0  0.245347  O16  8  145.025
38.4549  1639.11  0.0318494  O16  8  931.023
0  0  0.0318494  O16  8  931.023
0  0  0.0318494  O16  8  931.023
0  0  0.0318494  O16  8  931.023
0  0  0.0318494  O16  8  931.023
0  0  0.0318494  O16  8  931.023
121.973  1329.19  -2.15252  O16  8  1438.08
0  0  -2.15252  O16  8  1438.08
36.8528  809.091  0.0314737  O16  8  959.827
0  0  0.0314737  O16  8  959.827
107.533  1616.95  -0.60674  O16  8  1710
101.886  0  -1.1518  O16  8  212.524
31.3264  1338.98  0.0316324  O16  8  1217.83
0  0  0.0316324  O16  8  1217.83
75.4904  1203.55  -0.984675  O16  8  1026.85
0  0  -0.984675  O16  8  1026.85
35.3265  1376.3  0.0313343  O16  8  1022.04
92.9355  0  -2.03338  O16  8  254.02
141.399  0  -2.03338  O16  8  692.236
0  0  0.0334837  O16  8  692.236
44.046  577.964  0.0336796  O16  8  771.637
82.1557  0  -0.486161  O16  8  329.328
0  0  -0.486161  O16  8  329.328
50.8114  808.812  0.0341114  O16  8  636.381
44.125  602.841  0.0325598  O16  8  787.291
0  0  0.0325598  O16  8  787.291
52.2172  353.564  0.0355779  O16  8  603.722
0  0  0.0355779  O16  8  603.722
0  0  0.0355779  O16  8  603.722
0  0  0.0355779  O16  8  603.722
103.794  908.12  0.0368844  O16  8  720.438
0  0  0.0368844  O16  8  720.438
42.9706  636.925  0.0322514  e-  -1  0.00781936
0  0  0.0322514  e-  -1  0.00781936
0  0  0.0322514  e-  -1  0.00781936
0  0  0.0322514  e-  -1  0.00781936
191.675  1320.65  -1.05146  O16  8  607.55
44.5959  1039.55  0.0330167  O16  8  774.772
44.5959  1039.55  0.0330167  O16  8  774.772
105.689  0  -0.938866  O16  8  200.74
0  0  -0.938866  O16  8  200.74
0  0  -0.938866  O16  8  200.74
33.4191  1768.69  0.0313963  O16  8  1084.7
0  0  0.0313963  O16  8  1084.7
0  0  0.0313963  O16  8  1084.7
138.454  145.781  -1.14864  O16  8  532.821
182.23  28.5153  -0.994181  O16  8  457.689
0  0  -0.994181  O16  8  457.689
0  0  -0.994181  O16  8  457.689
48.2124  455.664  0.0340253  O16  8  673.109
65.1556  0  0.794497  O16  8  427.712
90.669  1127.16  0.0338811  O16  8  843.983
0  0  0.0338811  O16  8  843.983
0  0  0.0338811  O16  8  843.983
34.0105  1269.38  0.0313958  O16  8  1117.64
86.0412  1418.67  0.0359523  O16  8  1257.63
0  0  0.0359523  O16  8  1257.63
0  0  0.0359523  O16  8  1257.63
0  0  0.0359523  O16  8  1257.63
0  0  0.0359523  O16  8  1257.63
77.6349  2322.08  0.0316794  O16  8  955.033
100.697  0  -0.565665  O16  8  227.928
0  0  -0.565665  O16  8  227.928
0  0  -0.565665  O16  8  227.928
0  0  -0.565665  O16  8  227.928
0  0  -0.565665  O16  8  227.928
0  0  0.0359824  O16  8  605.417
95.4913  971.752  0.0343653  O16  8  767.192
0  0  0.0343653  O16  8  767.192
84.2278  1318.19  0.0328926  O16  8  920.113
64.2635  0  -0.499956  O16  8  455.066
0  45.0113  0.0384956  O16  8  455.066
0  0  0.0384956  O16  8  455.066
120.116  262.477  -1.20501  O16  8  542.618
0  639.803  -1.1674  O16  8  542.618
0  0  -1.1674  O16  8  542.618
0  0  -1.1674  O16  8  542.618
50.0965  412.919  0.0341014  O16  8  638.764
33.9404  1201.4  0.031386  O16  8  1048.33
48.928  433.578  0.0338399  O16  8  653.555
0  0  0.0338399  O16  8  653.555
0  0  0.0338399  O16  8  653.555
77.5805  0  -0.067474  e-  -1  0.00473844
77.4013  0  0.382123  O16  8  335.983
85.7228  2394.23  0.036739  O16  8  1372.65
0  0  0.036739  O16  8  1372.65
0  0  0.036739  O16  8  1372.65
0  0  0.036739  O16  8  1372.65
0  0  0.036739  O16  8  1372.65
85.4111  1432.17  0.0323937  O16  8  801.16
0  0  0.0323937  O16  8  801.16
55.9585  270.674  0.0360647  O16  8  548.156
178.152  381.69  -0.321377  O16  8  618.559
56.9342  174.985  0.0398521  O16  8  546.727
56.9342  174.985  0.0398521  O16  8  546.727
31.2545  1128.92  0.0322452  O16  8  1252.9
37.0892  0  -0.05991  O16  8  1006.18
46.1218  516.879  0.0433921  O16  8  716.043
44.3591  547.728  0.0330098  O16  8  742.825
0  0  0.0330098  O16  8  742.825
0  0  0.0330098  O16  8  742.825
0  0  0.0330098  O16  8  742.825
64.976  2123.9  0.0319108  O16  8  1386.26
79.3197  0  -1.58432  O16  8  322.592
39.274  791.358  0.0324191  O16  8  950.188
0  0  0.0324191  O16  8  950.188
203.05  700.399  -1.40381  O16  8  865.582
0  0  -1.40381  O16  8  865.582
0  0  -1.40381  O16  8  865.582
0  0  -1.40381  O16  8  865.582
62.312  108.026  0.0386115  O16  8  471.907
44.2013  594.753  0.0324085  O16  8  777.984
63.899  2176.93  0.0319203  O16  8  1259.69
63.899  2176.93  0.0319203  O16  8  1259.69
0  0  0.0319203  O16  8  1259.69
61.3219  30.31  0.0391952  O16  8  481.481
0  0  0.0391952  O16  8  481.481
0  0  0.0391952  O16  8  481.481
33.92  931.786  0.0317361  O16  8  1072.84
130.112  820.588  -0.253738  O16  8  970.098
0  0  -0.253738  O16  8  970.098
41.3284  717.711  0.0319771  O16  8  842.948
84.6234  1310.38  0.0327018  O16  8  919.515
0  312.475  0.940689  O16  8  919.515
0  0  0.940689  O16  8  919.515
0  0  0.940689  O16  8  919.515
41.6339  0  0.90434  O16  8  828.497
0  444.084  0.0322825  O16  8  828.497
0  0  0.0322825  O16  8  828.497
82.3865  1105.64  -0.82948  O16  8  1072.44
117.444  0  -1.71762  O16  8  161.84
29.2336  0  -0.252861  O16  8  1402.98
0  200.201  0.0325091  O16  8  1402.98
0  0  0.0325091  O16  8  1402.98
82.8284  0  -1.45911  e-  -1  0.00546922
0  0  -1.45911  e-  -1  0.00546922
48.0573  490.746  0.0333147  O16  8  696.323
0  0  0.0333147  O16  8  696.323
58.7326  822.66  0.0375329  e-  -1  0.00345046
0  0  0.0375329  e-  -1  0.00345046
0  0  0.0375329  e-  -1  0.00345046
182.257  1263.61  0.778259  O16  8  1213.37
46.4048  537.426  0.0336468  O16  8  737.975
0  0  0.0336468  O16  8  737.975
88.0994  0  0.0336468  O16  8  267.682
0  0  -0.586616  O16  8  267.682
0  0  -0.586616  O16  8  267.682
76.0344  3354.79  0.033056  O16  8  1270.98
0  0  0.033056  O16  8  1270.98
0  0  0.033056  O16  8  1270.98
36.5387  820.781  0.0314369  e-  -1  0.0057817
0  0  0.0314369  e-  -1  0.0057817
70.7944  1802.25  0.0318462  O16  8  943.684
0  354.031  0.893315  O16  8  943.684
73.4889  1392.81  0.031812  O16  8  1078.6
0  0  -0.393538  O16  8  1078.6
0  0  -0.393538  O16  8  1078.6
0  0  -0.393538  O16  8  1078.6
0  0  -0.393538  O16  8  1078.6
0  0  -0.393538  O16  8  1078.6
0  0  -0.393538  O16  8  1078.6
31.5273  1872.3  0.0323382  O16  8  1266.84
46.4291  532.89  0.0329313  O16  8  729.515
0  0  0.0329313  O16  8  729.515
164.025  0  -0.857875  O16  8  303.531
90.7065  1081.17  0.0362872  O16  8  1058.83
0  0  0.0362872  O16  8  1058.83
0  0  0.0362872  O16  8  1058.83
0  0  0.0362872  O16  8  1058.83
41.5682  673.878  -0.450394  O16  8  846.83
0  981.206  0.0314341  O16  8  1055.46
0  0  0.0314341  O16  8  1055.46
0  0  0.0314341  O16  8  1055.46
35.4837  811.452  0.0314508  O16  8  963.331
0  0  0.0314508  O16  8  963.331
40.9  703.217  0.0322179  O16  8  871.011
0  363.698  0.0337823  O16  8  670.95
72.4406  0  -0.142584  O16  8  391.902
38.3231  1088.26  0.0365737  O16  8  954.261
66.6565  0  -0.0519937  O16  8  429.978
0  0  -0.0519937  O16  8  429.978
0  0  -0.0519937  O16  8  429.978
0  0  -0.0519937  O16  8  429.978
129.297  0  -0.673832  O16  8  127.368
120.213  722.037  -1.1394  O16  8  886.405
0  0  -1.1394  O16  8  886.405
0  591.898  -1.76722  O16  8  886.405
0  0  -1.76722  O16  8  886.405
0  0  -1.76722  O16  8  886.405
0  0  -1.76722  O16  8  886.405
0  0  -1.76722  O16  8  886.405
33.9855  934.239  0.0313731  O16  8  1039.52
48.0424  486.705  0.0337553  O16  8  695.336
0  200.206  0.0342634  O16  8  704.073
191.268  398.938  -0.388924  O16  8  633.152
37.7714  828.472  0.031763  O16  8  982.398
0  0  0.031763  O16  8  982.398
0  0  0.031763  O16  8  982.398
51.4268  401.614  0.0342218  O16  8  632.437
106.894  847.125  0.0200236  O16  8  995.733
0  0  0.0200236  O16  8  995.733
59.7183  201.264  0.0381209  O16  8  513.491
53.3434  367.412  0.0355904  O16  8  615.291
0  0  0.0355904  O16  8  615.291
58.8233  221.103  0.037112  O16  8  519.438
78.3344  1522.93  0.0313777  O16  8  803.136
78.4767  0  -1.50706  O16  8  328.323
0  0  -1.50706  O16  8  328.323
0  0  -1.50706  O16  8  328.323
0  0  -1.50706  O16  8  328.323
0  0  -1.50706  O16  8  328.323
60.6512  153.285  0.0381078  O16  8  484.871
57.8885  255.652  0.0363936  O16  8  536.608
90.2781  0  -0.493835  O16  8  264.538
98.4458  931.985  0.0370781  O16  8  834.306
85.8545  0  -1.1084  e-  -1  0
91.0273  2036.02  0.0375178  O16  8  1277.43
0  0  -0.382648  O16  8  1277.43
0  0  -0.382648  O16  8  1277.43
0  0  -0.382648  O16  8  1277.43
0  0  -0.382648  O16  8  1277.43
0  0  -0.382648  O16  8  1277.43
89.09  1161.08  0.0368416  O16  8  1210.91
89.09  1161.08  0.0368416  O16  8  1210.91
142.871  889.233  0.0323112  O16  8  803.37
0  511.507  -0.852302  O16  8  803.37
0  0  -0.852302  O16  8  803.37
0  0  -0.852302  O16  8  803.37
49.7991  406.121  0.0341925  O16  8  633.912
34.6681  1428.75  0.0313463  O16  8  1052.03
43.8052  1088.27  0.0329418  O16  8  817.621
0  0  0.0329418  O16  8  817.621
0.0072496  0  -0.183237  e-  -1  0.0110004
58.0262  256.85  0.0363751  O16  8  537.953
0  0  0.0363751  O16  8  537.953
78.2331  1589.64  0.0328128  O16  8  1063.6
0  0  -0.954197  e-  -1  0.00952195
127.62  0  -1.36199  O16  8  129.853
25.5757  1097.33  0.0343233  O16  8  1657.79
0  0  0.0343233  O16  8  1657.79
0  0  0.0343233  O16  8  1657.79
55.3525  347.792  0.0359231  O16  8  603.828
43.0799  662.604  0.0325576  O16  8  841.623
40.5353  671.644  0.0324346  O16  8  844.92
0  0  0.0324346  O16  8  844.92
36.5331  835.956  0.0317266  O16  8  985.656
0  0  0.0317266  O16  8  985.656
152.812  152.991  -0.476906  e-  -1  0.00145453
112.026  556.506  0.0379252  O16  8  620.52
45.0996  577.293  0.0335495  O16  8  773.26
0  0  0.0335495  O16  8  773.26
0  0  0.0335495  O16  8  773.26
0  0  0.0335495  O16  8  773.26
0  0  0.0335495  O16  8  773.26
204.609  1625.04  0.033027  O16  8  63.2113
0  81.0716  1.01133  O16  8  63.2113
0  0  1.01133  O16  8  63.2113
0  0  1.01133  O16  8  63.2113
0  0  1.01133  O16  8  63.2113
0  0  1.01133  O16  8  63.2113
120.735  957.485  -0.496336  O16  8  591.985
0  0  -0.496336  O16  8  591.985
0  0  -0.496336  O16  8  591.985
0  0  -0.496336  O16  8  591.985
150.447  1289.41  -1.34445  O16  8  733.722
55.0018  322.432  0.0354201  O16  8  577.868
0  0  0.0354201  O16  8  577.868
0  0  0.0354201  O16  8  577.868
69.9829  0  0.387202  O16  8  404.284
33.617  1458.29  0.03242  O16  8  1165.98
0  0  0.03242  O16  8  1165.98
69.9829  0  0.387202  O16  8  404.284
42.1387  639.931  0.0324084  O16  8  818.566
81.9304  1409.26  0.0326237  O16  8  996.388
88.6839  0  -0.98458  O16  8  276.09
0  0  -0.98458  O16  8  276.09
51.8374  441.584  0.0344571  O16  8  664.716
0  0  0.0344571  O16  8  664.716
0.00176892  0  0.0329606  e-  -1  0.0137125
49.6052  1155.03  0.0337098  O16  8  664.031
196.931  0  -0.86197  O16  8  0
0  0  -0.86197  O16  8  0
94.4184  248.792  0.0366429  O16  8  1035.28
0  0  0.0366429  O16  8  1035.28
40.8711  1457.84  0.130755  O16  8  872.596
0  0  0.130755  O16  8  872.596
95.2149  0  -0.930604  O16  8  237.463
0  0  -0.930604  O16  8  237.463
0  1213.79  0.0348005  O16  8  605.145
0  0  0.0348005  O16  8  605.145
0  0  0.0348005  O16  8  605.145
0  0  0.0348005  O16  8  605.145
0  0  0.0348005  O16  8  605.145
135.735  1662.73  0.0333105  O16  8  545.786
0  0  0.0333105  O16  8  545.786
53.7144  334.447  0.0354136  O16  8  588.552
0  0  0.0354136  O16  8  588.552
0  0  0.0354136  O16  8  588.552
261.081  1286.99  -0.813141  O16  8  784.39
0  0  -0.813141  O16  8  784.39
0  0  -0.813141  O16  8  784.39
0  0  -0.813141  O16  8  784.39
0  0  -0.813141  O16  8  784.39
0  0  -0.813141  O16  8  784.39
118.727  1262.96  -0.419199  O16  8  830.997
54.3046  339.445  0.0355161  O16  8  592.61
0  0  0.0355161  O16  8  592.61
0  0  0.0355161  O16  8  592.61
29.5591  1723.3  0.0317925  O16  8  1276.22
29.5591  1723.3  0.0317925  O16  8  1276.22
0  0  0.0317925  O16  8  1276.22
0  0  0.0317925  O16  8  1276.22
58.6223  3322.61  0.0331944  O16  8  1304.18
0  0  0.0331944  O16  8  1304.18
0  0  0.0331944  O16  8  1304.18
206.164  0  -1.6627  O16  8  0
133.626  2108.2  0.0384333  O16  8  772.299
0  0  0.0384333  O16  8  772.299
0  0  0.0384333  O16  8  772.299
0  0  0.0384333  O16  8  772.299
67.0153  0  0.0338005  O16  8  433.267
44.8754  573.596  0.0328463  O16  8  761.252
75.3605  0  0.144707  O16  8  354.053
187.333  0  -0.299923  O16  8  207.361
0  0  -0.299923  O16  8  207.361
0  0  -0.299923  O16  8  207.361
0  0  -0.299923  O16  8  207.361
56.8391  288.061  0.0361415  O16  8  559.545
0  0  0.0361415  O16  8  559.545
0  0  0.0318231  O16  8  1183.62
0  0  0.0318231  O16  8  1183.62
0  0  0.0318231  O16  8  1183.62
0  0  0.0318231  O16  8  1183.62
151.971  2397.63  -1.72215  O16  8  933.79
0  0  -1.72215  O16  8  933.79
28.6949  1233.61  0.0330185  O16  8  1353.45
0  0  0.0330185  O16  8  1353.45
0  0  0.0330185  O16  8  1353.45
104.502  714.771  0.0346053  O16  8  594.911
65.1812  0  0.359393  O16  8  443.264
0  0  0.359393  O16  8  443.264
69.649  0  -0.311561  O16  8  411.428
175.697  436.372  0.0355917  O16  8  657.156
0  0  0.0355917  O16  8  657.156
0  0  0.0355917  O16  8  657.156
60.3808  171.079  0.0384821  O16  8  500.665
0  0  0.0384821  O16  8  500.665
0  0  0.0384821  O16  8  500.665
0  0  0.0384821  O16  8  500.665
39.5658  734.173  0.0320293  O16  8  898.167
96.5148  1134.15  0.0324768  O16  8  588.414
0  0  0.0324768  O16  8  588.414
0  0  0.0324768  O16  8  588.414
0  0  0.0324768  O16  8  588.414
0  0  0.0324768  O16  8  588.414
36.9223  781.925  0.0316067  O16  8  937.385
183.896  0  -0.364128  O16  8  0
86.8935  1962.75  0.0382013  O16  8  1493.17
0  0  0.0382013  O16  8  1493.17
48.8824  481.574  0.0340206  O16  8  697.051
0  0  0.0340206  O16  8  697.051
0  0  0.0340206  O16  8  697.051
0  0  0.0340206  O16  8  697.051
105.866  763.858  0.0383095  O16  8  834.84
52.5822  368.25  0.0348176  O16  8  607.086
40.8373  653.943  0.0320606  O16  8  828.387
42.4074  635.365  0.0322459  O16  8  813.434
82.7462  0  -0.496648  e-  -1  0.00356785
35.9889  972.281  0.031662  O16  8  1045.46
63.0515  2439.31  0.0322283  O16  8  1445.47
0  0  0.0322283  O16  8  1445.47
0  0  0.0322283  O16  8  1445.47
0  0  0.0322283  O16  8  1445.47
0  0  0.0322283  O16  8  1445.47
0  0  0.0322283  O16  8  1445.47
33.3853  1715.01  0.03202  O16  8  1173.01
0  0  0.03202  O16  8  1173.01
124.371  300.41  -0.51118  O16  8  562.482
107.917  702.671  0.0350165  O16  8  573.002
0  0  0.0350165  O16  8  573.002
0  0  0.0350165  O16  8  573.002
28.0655  1164.29  -1.11979  O16  8  1373.74
28.0655  1164.29  -1.11979  O16  8  1373.74
33.8495  955.346  0.0317334  O16  8  1093.11
0  0  0.0317334  O16  8  1093.11
108.285  0  -0.0589487  O16  8  194.021
54.8869  794.833  0.0360736  O16  8  581.429
0  0  0.0360736  O16  8  581.429
0  0  0.0360736  O16  8  581.429
46.4524  541.62  0.0333542  O16  8  741.225
0  0  0.0333542  O16  8  741.225
182.278  0  -0.411626  O16  8  253.946
42.0059  1905.62  0.0314807  O16  8  803.973
0  0  0.0314807  O16  8  803.973
0  0  0.0314807  O16  8  803.973
0  0  0.0314807  O16  8  803.973
35.7589  0  0.95244  O16  8  1020.57
150.598  1572.84  -0.273827  O16  8  949.203
0  0  -0.273827  O16  8  949.203
0  0  -0.273827  O16  8  949.203
51.4415  427.559  0.0344656  O16  8  655.145
0  0  0.0344656  O16  8  655.145
89.1227  311.624  0.0354753  O16  8  1085.33
44.5739  1041.54  0.0859074  O16  8  757.431
162.941  686.019  -1.99451  O16  8  858.407
0  0  -1.99451  O16  8  858.407
83.6822  0  -0.70498  e-  -1  0.00650027
68.6888  1788.79  0.0319182  O16  8  981.147
0  0  0.0319182  O16  8  981.147
0  0  0.0319182  O16  8  981.147
0  0  0.0319182  O16  8  981.147
0  0  0.0319182  O16  8  981.147
163.393  974.534  0.0374148  O16  8  543.825
0  0  0.0374148  O16  8  543.825
118.736  588.075  0.0382324  O16  8  504.568
37.7027  823.396  1.01411  O16  8  972.511
0  0  1.01411  O16  8  972.511
0  0  1.01411  O16  8  972.511
0  0  1.01411  O16  8  972.511
0  0  1.01411  O16  8  972.511
0  0  1.01411  O16  8  972.511
0  627.801  0.0313775  O16  8  1039.9
0  0  0.0313775  O16  8  1039.9
187.187  0  -0.67272  O16  8  221.803
102.324  0  -0.657187  e-  -1  0.0143499
0  0  -0.657187  e-  -1  0.0143499
141.979  373.813  0.352706  O16  8  612.334
0  0  0.352706  O16  8  612.334
0  0  0.352706  O16  8  612.334
0  137.116  0.467648  O16  8  612.334
51.4823  273.445  0.0346961  O16  8  606.388
40.1445  703.069  0.0318235  O16  8  867.747
0  0  0.0318235  O16  8  867.747
133.072  0  -0.864891  O16  8  434.084
0  0  -0.864891  O16  8  434.084
0  0  -0.864891  O16  8  434.084
50.8942  410.294  0.0341325  O16  8  638.535
0  0  0.0341325  O16  8  638.535
97.1567  1429.69  0.0346118  e-  -1  0.0165702
0  0  0.0346118  e-  -1  0.0165702
0  0  0.0346118  e-  -1  0.0165702
78.0236  0  -0.206822  O16  8  335.535
45.1607  550.23  0.0326857  O16  8  745.128
0  0  0.0326857  O16  8  745.128
0  0  0.0326857  O16  8  745.128
179.007  458.785  -0.712214  O16  8  675.659
54.7528  299.98  0.0360194  O16  8  565.341
0  0  0.0360194  O16  8  565.341
0  0  0.0360194  O16  8  565.341
36.5101  834.281  0.0315626  O16  8  981.877
84.0006  1456.64  0.0334387  O16  8  998.209
0  220.978  -0.0737864  O16  8  998.209
0  0  -0.0737864  O16  8  998.209
0  0  -0.0737864  O16  8  998.209
40.3376  720.861  0.031755  e-  -1  0
44.9934  978.165  0.0328847  O16  8  726.424
0  0  0.0328847  O16  8  726.424
0  0  0.0328847  O16  8  726.424
38.8263  746.612  0.0318453  O16  8  907.646
208.768  822.462  -0.768423  O16  8  972.58
0  0  -0.768423  O16  8  972.58
0  0  -0.768423  O16  8  972.58
0  0  -0.768423  O16  8  972.58
180.453  1396.98  -0.943662  O16  8  984.921
0  0  -0.943662  O16  8  984.921
0  0  -0.943662  O16  8  984.921
0  0  -0.943662  O16  8  984.921
0  0  -0.943662  O16  8  984.921
0  0  -0.943662  O16  8  984.921
34.4217  2300.07  0.0317144  O16  8  1132.62
42.1612  674.279  -0.182562  O16  8  845.032
47.1152  0  -0.298249  O16  8  703.884
0  0  -0.298249  O16  8  703.884
114.7  2384.2  0.0326605  O16  8  1159.69
150.291  0  -0.977286  O16  8  82.6847
0  0  -0.977286  O16  8  82.6847
0  0  -0.977286  O16  8  82.6847
0  0  -0.977286  O16  8  82.6847
46.0592  1657.29  0.0331916  O16  8  756.484
0  0  0.0331916  O16  8  756.484
36.2933  855.103  0.0314774  O16  8  1003.93
0  0  0.0314774  O16  8  1003.93
35.2792  947.168  0.0317216  O16  8  1087.81
105.522  0  -0.663272  O16  8  202.086
35.4985  1413.14  0.0313906  O16  8  1029.91
0  0  0.0313906  O16  8  1029.91
39.0783  0  0.129436  O16  8  907.056
39.0783  0  0.129436  O16  8  907.056
256.112  351.986  -0.0899404  O16  8  602.838
278.978  489.833  0.328687  O16  8  513.146
0  0  0.38073  O16  8  513.146
100.524  787.506  0.214122  O16  8  715.124
100.524  787.506  0.214122  O16  8  715.124
0  0  0.214122  O16  8  715.124
0  0  0.214122  O16  8  715.124
0  0  0.214122  O16  8  715.124
42.0581  654.639  0.0322408  O16  8  829.192
39.5188  757.998  0.0316119  O16  8  915.554
134.187  896.187  -0.345823  O16  8  1037.11
29.8379  1166.4  0.0319424  O16  8  1286.12
0  0  0.0319424  O16  8  1286.12
0  0  0.0319424  O16  8  1286.12
183.004  2148.88  0.0377605  O16  8  1060.04
0  0  0.963151  O16  8  724.517
0  0  0.963151  O16  8  724.517
0  519.557  0.0332912  O16  8  724.517
0  0  0.0332912  O16  8  724.517
0  0  0.0332912  O16  8  724.517
33.7432  1005.18  0.0319094  O16  8  1141.01
185.423  522.638  0.0330204  O16  8  102.314
0  0  0.0330204  O16  8  102.314
0  0  0.0330204  O16  8  102.314
0  0  0.0330204  O16  8  102.314
34.5147  968.602  0.0317798  O16  8  1104.96
156.509  0  -1.48943  O16  8  0
0  0  -1.48943  O16  8  0
0  0  -1.48943  O16  8  0
143.028  1819.82  0.0375238  O16  8  879.377
143.028  1819.82  0.0375238  O16  8  879.377
0  0  0.0375238  O16  8  879.377
0  0  0.0375238  O16  8  879.377
0  0  0.0375238  O16  8  879.377
27.8685  2047.16  0.0322063  O16  8  1364.45
98.4819  0  -2.23369  O16  8  0
0  0  -2.23369  O16  8  0
107.422  597.592  0.0391743  O16  8  840.647
42.802  621.716  0.0327064  O16  8  806.424
0  0  0.0327064  O16  8  806.424
0  0  0.0327064  O16  8  806.424
42.6399  601.882  0.0326109  O16  8  785.334
40.8856  680.884  0.0322762  O16  8  852.235
0  0  0.0322762  O16  8  852.235
64.2366  2940.44  0.032067  O16  8  1325.21
0  0  0.032067  O16  8  1325.21
56.9773  287.6  0.0370921  O16  8  564.933
0  0  0.0370921  O16  8  564.933
0  0  0.0370921  O16  8  564.933
42.3146  650.548  0.032338  O16  8  825.837
0  0  0.032338  O16  8  825.837
35.2116  1937.36  0.0318286  O16  8  1054.69
0  0  0.0318286  O16  8  1054.69
53.8522  334.41  0.0351816  O16  8  585.664
0  0  0.0351816  O16  8  585.664
90.5235  1131.89  0.0336849  O16  8  824.212
0  0  0.0336849  O16  8  824.212
0  0  0.0336849  O16  8  824.212
201.574  0  -1.38824  O16  8  0
0  0  -1.38824  O16  8  0
0  0  -1.38824  O16  8  0
0  0  -1.38824  O16  8  0
49.1167  465.695  0.0334547  O16  8  677.016
209.933  349.039  -1.34412  O16  8  603.287
8.64142e-05  0  0.0461309  e-  -1  0.00744243
166.691  0  -1.09375  O16  8  0
0  0  -1.09375  O16  8  0
0  0  -1.09375  O16  8  0
44.4289  1129.27  0.0332025  O16  8  773.857
0  0  0.0332025  O16  8  773.857
205.205  0  -0.616125  O16  8  0
36.2324  852.886  0.0317967  O16  8  1000.81
0  0  0.0317967  O16  8  1000.81
0  0  0.0317967  O16  8  1000.81
0  0  0.0317967  O16  8  1000.81
0  0  0.0317967  O16  8  1000.81
0  0  0.0317967  O16  8  1000.81
34.2768  1740.51  0.0313842  O16  8  1115.94
0  0  0.0313842  O16  8  1115.94
0  0  0.0313842  O16  8  1115.94
302.3  223.027  0.036936  O16  8  358.252
48.7229  734.315  0.0339781  O16  8  681.693
0  0  0.0339781  O16  8  681.693
0  0  0.0339781  O16  8  681.693
0  0  0.0339781  O16  8  681.693
57.5812  228.159  0.036856  O16  8  522.955
40.391  750.258  0.0318687  O16  8  911.496
30.4525  1124.87  0.0317668  O16  8  1246.98
63.8053  66.8045  0.0380397  O16  8  457.648
0  0  0.0380397  O16  8  457.648
0  0  0.0380397  O16  8  457.648
0  0  0.0380397  O16  8  457.648
50.3931  393.917  0.0343424  O16  8  625.86
55.614  326.542  0.0363461  O16  8  588.299
0  0  0.0363461  O16  8  588.299
0  186.738  0.0325909  O16  8  764.19
0  186.738  0.0325909  O16  8  764.19
48.8642  457.862  0.0336563  O16  8  672.994
0  0  0.0336563  O16  8  672.994
198.76  498.833  -1.46922  O16  8  704.315
42.4057  638.65  0.0325854  O16  8  819.865
0  0  0.0325854  O16  8  819.865
0  0  0.0325854  O16  8  819.865
44.6725  547.877  0.032767  O16  8  740.549
0  0  0.032767  O16  8  740.549
147.947  1803.92  0.037654  O16  8  1087.27
50.0973  386.429  0.034281  O16  8  664.881
0  0  0.034281  O16  8  664.881
0  0  0.034281  O16  8  664.881
0  0  0.034281  O16  8  664.881
0  0  0.034281  O16  8  664.881
0  0  0.034281  O16  8  664.881
40.0146  1357.81  0.0318507  O16  8  865.872
0  0  0.0318507  O16  8  865.872
0  0  0.0318507  O16  8  865.872
0  129.217  0.169888  O16  8  1024.22
0  139.377  0.0316231  O16  8  1024.22
67.5349  0  -1.18555  O16  8  417.185
0  0  -1.18555  O16  8  417.185
113.542  2750.51  0.0318445  O16  8  1113.64
90.2416  0  -0.933966  O16  8  260.619
0  0  -0.933966  O16  8  260.619
0  0  -0.933966  O16  8  260.619
0  0  -0.933966  O16  8  260.619
0  0  -0.933966  O16  8  260.619
166.508  865.728  -2.60302  O16  8  592.767
0  0  -2.60302  O16  8  592.767
68.852  0  -0.887826  e-  -1  0.0259609
0  0  -0.887826  e-  -1  0.0259609
157.472  0  -0.887826  O16  8  0
72.6128  0  -2.18755  O16  8  392.012
0  0  -0.602051  O16  8  0
0  0  -0.602051  O16  8  0
74.6407  0  -1.10173  O16  8  348.577
0  0  -1.10173  O16  8  348.577
160.735  1057.78  -3.19642  O16  8  1184.64
231.122  497.546  -1.3471  O16  8  208.285
45.9906  563.542  0.0336964  O16  8  760.052
0  0  0.0336964  O16  8  760.052
0  0  0.0336964  O16  8  760.052
84.2464  2275.32  0.0329142  O16  8  866.989
0  0  0.0329142  O16  8  866.989
0  0  0.0329142  O16  8  866.989
0  0  0.0329142  O16  8  866.989
154.007  0  -1.57371  O16  8  361.614
36.9349  1785.66  0.0315942  O16  8  1025.93
135.755  0  -0.960997  O16  8  115.707
0  0  -0.960997  O16  8  115.707
0  518.797  0.0332027  O16  8  718.898
0  0  0.0332027  O16  8  718.898
85.6177  1307.63  0.0339757  O16  8  1030.15
100.551  899.203  0.0332885  O16  8  557.636
0  0  0.0332885  O16  8  557.636
0  0  0.0332885  O16  8  557.636
0  0  0.0332885  O16  8  557.636
249.79  1985.57  -0.718214  e-  -1  0.00183247
0  0  -0.718214  e-  -1  0.00183247
62.3765  103.428  0.0383075  O16  8  468.033
0  0  0.0383075  O16  8  468.033
0  0  0.0383075  O16  8  468.033
0  0  0.0383075  O16  8  468.033
0  0  0.0383075  O16  8  468.033
34.5182  1170.44  0.0314469  O16  8  1026.88
116.327  671.424  -0.56492  O16  8  845.298
79.7849  0  -1.17077  O16  8  326.045
79.7849  0  -1.17077  O16  8  326.045
0  0  -1.17077  O16  8  326.045
37.9036  800.72  0.0315004  O16  8  953.602
0  1600.94  0.0317377  O16  8  883.76
99.2138  0  -1.19211  O16  8  224.995
0  0  -1.19211  O16  8  224.995
31.7502  1090.51  0.0316163  O16  8  1213.58
43.5524  1132.39  0.0325923  O16  8  812.288
0  0  0.650055  O16  8  812.288
0  0  0.650055  O16  8  812.288
0  0  0.650055  O16  8  812.288
0  0  0.650055  O16  8  812.288
0  0  0.650055  O16  8  812.288
34.3976  2431.73  0.0320301  O16  8  1148.51
187.527  0  -1.71369  O16  8  179.461
71.8684  0  -0.85775  O16  8  398.274
0  472.903  0.0334218  O16  8  683.183
0  0  0.0334218  O16  8  683.183
0  0  0.0334218  O16  8  683.183
0  0  0.0334218  O16  8  683.183
0  0  0.0334218  O16  8  683.183
0  0  0.0334218  O16  8  683.183
114.902  928.681  -1.24447  O16  8  1065.71
42.3079  960.152  0.0329247  O16  8  865.765
62.4884  114.816  0.0381625  O16  8  473.687
37.6318  812.739  0.0315552  O16  8  963.756
174.032  639.318  -1.70556  O16  8  814.246
0  0  -1.70556  O16  8  814.246
0  0  -1.70556  O16  8  814.246
34.3884  872.145  0.0313627  O16  8  1017.17
46.4269  547.044  0.0337802  O16  8  749.117
0  2027.09  0.032467  O16  8  1168.5
0  0  0.032467  O16  8  1168.5
0  875.283  0.0319718  O16  8  1022.21
0  0  0.0319718  O16  8  1022.21
0  0  0.0319718  O16  8  1022.21
46.9667  533.023  0.0334438  O16  8  732.945
38.9036  1866.85  0.0320648  O16  8  943.035
38.9036  1866.85  0.0320648  O16  8  943.035
0  0  0.0320648  O16  8  943.035
295.498  1704.01  -0.394572  O16  8  813.694
295.498  1704.01  -0.394572  O16  8  813.694
62.7882  118.497  0.0384963  O16  8  475.348
11.8017  0  -1.03372  O16  8  223.501
0  0  -1.03372  O16  8  223.501
48.9297  190.627  1.07093  O16  8  669.392
48.9297  451.895  0.0339657  O16  8  669.392
39.0131  754.641  0.0318131  O16  8  913.224
57.2737  248.788  0.0365282  O16  8  535.145
0  0  0.0365282  O16  8  535.145
38.3968  795.579  0.0324225  O16  8  952.701
0  0  0.0324225  O16  8  952.701
68.3839  1875.39  0.0313601  O16  8  1130.7
0  0  0.0313601  O16  8  1130.7
89.6101  1542.74  0.0333576  O16  8  776.211
0.00286295  0  -1.76326  e-  -1  0
0  0  -1.76326  e-  -1  0
27.4419  1357.02  0.0332181  O16  8  1468.95
0  0  0.0332181  O16  8  1468.95
51.0327  399.557  0.0345098  O16  8  633.311
0  0  0.0733966  O16  8  633.311
0  0  0.0733966  O16  8  633.311
44.0484  513.855  0.0327247  O16  8  796.611
0  0  0.0327247  O16  8  796.611
52.2784  389.671  0.0344218  O16  8  621.288
0  0  0.0344218  O16  8  621.288
247.071  165.062  -0.742007  O16  8  497.227
0  0  -0.742007  O16  8  497.227
0  0  -0.742007  O16  8  497.227
87.7299  0  -0.16722  O16  8  275.597
0  0  -0.16722  O16  8  275.597
0  0  -0.16722  O16  8  275.597
120.01  738.457  0.126693  O16  8  900.027
0  0  0.126693  O16  8  900.027
0  0  0.126693  O16  8  900.027
32.0551  1083.77  0.0316095  O16  8  1205.97
0  0  0.0316095  O16  8  1205.97
0  0  0.0316095  O16  8  1205.97
0  0  0.0316095  O16  8  1205.97
28.8275  1221.31  0.0320381  O16  8  1335.87
99.6351  1875.24  0.038352  O16  8  1003.6
0  0  0.038352  O16  8  1003.6
0  0  0.038352  O16  8  1003.6
374.861  65.0989  -0.457198  e-  -1  0.00556511
108.229  0  -0.313031  O16  8  188.151
0  0  -0.313031  O16  8  188.151
0  0  -0.313031  O16  8  188.151
0  0  -0.313031  O16  8  188.151
0  0  -0.313031  O16  8  642.315
38.6778  1212.48  0.0346078  O16  8  956.972
40.0213  706.187  0.031869  O16  8  872.305
42.654  639.929  0.0323669  O16  8  819.258
0  0  0.0323669  O16  8  819.258
0  0  0.0323669  O16  8  819.258
90.3267  1112.54  0.0338521  O16  8  834.548
0  0  0.0338521  O16  8  834.548
41.7053  635.738  0.0324246  O16  8  815.071
44.9031  533.76  0.0329633  O16  8  728.225
38.8368  760.877  0.0321848  O16  8  922.615
124.092  402.369  0.274474  O16  8  706.175
42.3562  652.377  0.032142  O16  8  827.3
0  0  0.032142  O16  8  827.3
0  0  0.032142  O16  8  827.3
106.814  1308.1  -0.370707  O16  8  901.312
0  0  -0.370707  O16  8  901.312
0  0  -0.370707  O16  8  901.312
99.1475  1843.31  0.0361547  O16  8  749.641
0  0  0.0361547  O16  8  749.641
0  0  0.0361547  O16  8  749.641
52.7352  346.672  0.0351078  O16  8  593.932
43.7778  560.027  0.0327832  O16  8  752.22
0  0  0.0327832  O16  8  752.22
104.585  562.363  -1.07232  O16  8  593.114
104.585  562.363  -1.07232  O16  8  593.114
204.627  0  -1.75171  O16  8  0
0  0  -1.75171  O16  8  0
44.1402  561.296  0.032642  O16  8  753.392
0  0  0.032642  O16  8  753.392
196.718  204.508  0.0171385  O16  8  508.983
0  0  0.0171385  O16  8  508.983
67.1877  0  0.681271  O16  8  411.192
0  0  0.681271  O16  8  411.192
75.2044  0  -0.383959  O16  8  357.697
45.7032  558.556  0.0326941  O16  8  750.408
33.5977  953.289  0.0313829  O16  8  1090.63
0  0  0.0313829  O16  8  1090.63
69.1381  0  -0.598703  O16  8  416.454
0  0  -0.598703  O16  8  416.454
0  0  -0.598703  O16  8  416.454
84.7959  1332.07  0.0314877  O16  8  617.272
0  0  0.0314877  O16  8  617.272
216.251  113.038  -0.79499  O16  8  475.181
0  0  -0.79499  O16  8  475.181
168.822  0  0.111215  O16  8  283.406
0  0  0.111215  O16  8  283.406
173.699  854.035  0.0314975  O16  8  108.353
0  0  0.0314975  O16  8  108.353
49.5904  280.1  0.0345192  O16  8  672.917
0  0  0.0345192  O16  8  672.917
33.9877  919.803  0.0314639  O16  8  1059.59
151.249  271.273  -0.301477  O16  8  547.435
0  0  -0.301477  O16  8  547.435
108.719  647.986  0.0330666  O16  8  560.399
0  0  0.0330666  O16  8  560.399
49.0215  414.976  0.0341456  O16  8  640.766
0  0  0.0341456  O16  8  640.766
74.7232  0  -0.484111  O16  8  358.621
122.453  0  -1.82758  O16  8  176.7
60.8635  160.458  0.0380187  O16  8  489.07
0  0  0.0380187  O16  8  489.07
33.4691  983.282  0.0317189  O16  8  1118
0  0  0.0317189  O16  8  1118
30.4533  1110.77  0.0319666  O16  8  1236.88
48.5713  879.612  0.0335265  O16  8  670.883
0  0  0.0335265  O16  8  670.883
57.2578  244.448  0.0365276  O16  8  531.482
44.6741  773.151  0.337019  O16  8  774.315
44.6741  773.151  0.337019  O16  8  774.315
0  0  0.337019  O16  8  774.315
61.0575  201.407  0.0384663  O16  8  517.568
64.2744  125.746  0.0394451  O16  8  486.845
52.9854  372.856  0.035263  O16  8  615.887
